trip_data_format_1_1
11,12,0,27012,9
14,16,0,27024,22
6,26,0,27026,21
6,26,0,27029,22
11,12,0,27049,12
13,23,0,27049,46
13,23,0,27051,46
13,23,0,27051,49
11,12,0,27052,10
13,23,0,27052,48
9,12,0,27054,54
11,12,0,27056,13
13,23,0,27056,46
13,23,0,27057,50
13,23,0,27058,47
11,12,0,27059,10
13,23,0,27059,47
13,23,0,27060,48
11,5,0,27061,52
9,12,0,27061,53
13,23,0,27061,46
11,5,0,27062,51
18,21,0,27062,55
14,18,0,27063,50
13,23,0,27063,45
4,27,0,27064,48
6,9,0,27064,53
13,23,0,27064,49
9,12,0,27065,55
4,14,0,27065,64
4,25,0,27068,38
13,23,0,27069,46
13,23,0,27070,48
25,3,0,27071,47
0,25,0,27071,70
1,24,0,27071,65
18,27,0,27073,67
4,14,0,27074,64
13,23,0,27074,45
6,9,0,27075,55
1,24,0,27075,42
13,23,0,27076,46
18,27,0,27077,69
18,21,0,27078,61
1,24,0,27078,39
18,21,0,27078,60
25,23,0,27084,53
7,10,0,27086,84
7,10,0,27086,83
18,21,0,27086,62
7,10,0,27087,86
14,15,0,27087,29
25,23,0,27087,50
26,5,0,27088,22
1,24,0,27088,38
7,10,0,27088,86
7,10,0,27088,81
7,10,0,27088,82
18,26,0,27090,88
25,23,0,27090,40
7,10,0,27090,81
7,10,0,27090,85
18,21,0,27090,61
7,10,0,27091,84
7,10,0,27092,60
7,10,0,27092,72
7,10,0,27093,70
18,21,0,27093,66
7,10,0,27094,63
26,8,0,27094,70
11,12,0,27094,19
7,10,0,27094,70
7,10,0,27095,70
7,10,0,27095,63
1,24,0,27095,38
9,11,0,27096,80
7,10,0,27096,60
18,21,0,27096,62
7,10,0,27097,70
7,10,0,27097,66
7,10,0,27097,62
7,27,0,27097,70
18,21,0,27098,61
7,10,0,27098,64
11,12,0,27099,13
7,10,0,27099,49
7,10,0,27100,67
26,8,0,27100,71
7,10,0,27100,63
7,10,0,27101,63
7,11,0,27102,98
7,10,0,27102,57
26,8,0,27103,81
7,11,0,27103,82
25,24,0,27103,87
9,15,0,27105,93
8,10,0,27106,85
8,10,0,27108,80
11,12,0,27109,9
8,10,0,27113,59
8,10,0,27114,63
4,15,0,27114,96
7,9,0,27114,65
4,15,0,27115,107
8,10,0,27115,60
2,25,0,27116,92
4,15,0,27116,97
4,15,0,27116,101
11,12,0,27117,8
4,15,0,27117,98
8,10,0,27117,59
2,25,0,27118,88
26,8,0,27118,62
2,25,0,27120,84
8,27,0,27123,123
27,7,0,27124,70
8,27,0,27124,121
11,12,0,27125,10
4,12,0,27126,109
18,12,0,27126,116
2,25,0,27127,77
14,4,0,27127,124
8,27,0,27127,109
8,9,0,27128,66
2,15,0,27128,126
2,15,0,27129,124
25,23,0,27129,89
25,23,0,27129,67
25,23,0,27129,122
2,23,0,27129,119
8,27,0,27130,119
14,4,0,27131,125
25,23,0,27131,63
2,23,0,27131,117
18,3,0,27132,128
14,4,0,27132,115
22,14,0,27132,128
6,26,0,27133,104
6,26,0,27133,104
14,4,0,27133,127
27,8,0,27133,104
8,27,0,27133,119
27,8,0,27134,91
2,15,0,27134,131
14,4,0,27134,113
6,26,0,27135,59
22,13,0,27135,132
2,15,0,27136,125
18,3,0,27136,94
14,4,0,27136,91
2,24,0,27136,132
2,24,0,27136,118
6,26,0,27136,61
9,8,0,27136,115
17,3,0,27137,126
6,26,0,27138,49
14,4,0,27138,93
2,24,0,27138,122
22,13,0,27139,131
10,7,0,27139,116
10,7,0,27139,137
8,27,0,27139,114
6,26,0,27140,56
10,7,0,27140,101
22,13,0,27140,129
10,7,0,27140,78
14,4,0,27141,91
10,8,0,27141,134
6,26,0,27142,52
10,7,0,27142,83
6,26,0,27142,51
22,13,0,27142,112
10,7,0,27142,68
18,21,0,27142,93
18,21,0,27142,100
22,13,0,27143,103
17,21,0,27143,135
6,26,0,27143,38
10,8,0,27143,71
11,12,0,27144,10
10,7,0,27144,73
6,26,0,27144,28
4,18,0,27144,120
17,21,0,27144,130
17,21,0,27144,137
17,20,0,27144,113
6,26,0,27145,29
22,13,0,27145,104
10,7,0,27145,65
10,8,0,27145,59
17,21,0,27145,131
18,1,0,27145,139
10,7,0,27146,64
17,20,0,27146,110
17,21,0,27146,98
10,8,0,27147,49
10,7,0,27147,57
2,9,0,27148,124
22,13,0,27148,103
10,7,0,27148,67
18,21,0,27148,101
11,12,0,27149,10
14,16,0,27149,69
10,8,0,27149,49
0,9,0,27150,148
10,8,0,27150,48
18,21,0,27151,92
18,21,0,27151,71
0,9,0,27151,146
9,27,0,27151,109
14,15,0,27152,71
14,16,0,27153,59
13,23,0,27153,118
13,23,0,27153,117
18,21,0,27153,97
18,21,0,27153,90
13,23,0,27153,94
9,27,0,27153,108
14,16,0,27154,54
10,8,0,27154,51
13,23,0,27154,117
13,23,0,27154,109
13,23,0,27154,111
6,26,0,27155,21
13,23,0,27155,92
18,21,0,27155,98
18,21,0,27155,82
13,23,0,27156,116
13,23,0,27156,95
13,23,0,27156,91
14,16,0,27156,51
18,21,0,27157,99
13,23,0,27157,111
11,5,0,27158,141
13,23,0,27158,109
18,21,0,27158,93
2,18,0,27158,154
2,24,0,27158,125
13,23,0,27158,83
13,23,0,27159,110
13,23,0,27159,109
11,5,0,27161,139
11,5,0,27161,120
13,23,0,27161,106
13,23,0,27161,83
13,23,0,27161,99
8,12,0,27162,113
13,23,0,27163,112
13,23,0,27163,104
18,21,0,27163,79
9,27,0,27163,96
11,5,0,27163,90
8,12,0,27164,140
18,21,0,27164,76
11,5,0,27164,113
4,27,0,27164,102
9,12,0,27165,129
13,23,0,27165,102
13,23,0,27165,96
13,23,0,27165,73
14,23,0,27165,147
4,25,0,27166,70
11,5,0,27166,75
9,12,0,27166,125
18,21,0,27166,70
4,12,0,27166,131
11,5,0,27166,116
14,23,0,27166,146
9,27,0,27166,100
7,11,0,27167,137
11,5,0,27167,64
13,23,0,27167,73
13,23,0,27167,103
9,27,0,27167,99
2,24,0,27168,98
14,23,0,27168,120
18,21,0,27168,71
14,23,0,27168,156
4,12,0,27169,131
13,23,0,27169,85
4,25,0,27169,67
11,5,0,27169,75
14,23,0,27169,161
7,11,0,27170,129
13,23,0,27170,100
11,5,0,27170,104
14,23,0,27170,146
13,23,0,27170,74
9,12,0,27171,111
13,23,0,27171,94
4,25,0,27171,48
14,16,0,27171,31
8,11,0,27171,169
11,5,0,27172,98
25,24,0,27172,96
13,23,0,27172,75
18,21,0,27172,67
9,12,0,27172,96
6,9,0,27173,84
13,23,0,27173,74
13,23,0,27173,93
4,12,0,27173,117
25,24,0,27173,89
14,16,0,27174,28
8,11,0,27174,156
13,23,0,27174,70
13,23,0,27174,86
4,12,0,27175,120
14,23,0,27175,123
13,23,0,27176,80
11,24,0,27176,175
13,23,0,27176,78
18,21,0,27176,65
4,14,0,27177,135
11,5,0,27178,55
13,23,0,27178,79
18,21,0,27178,71
0,3,0,27178,167
13,23,0,27178,50
9,27,0,27178,83
11,24,0,27179,171
4,14,0,27179,128
13,23,0,27179,50
14,4,0,27180,114
6,9,0,27180,61
13,23,0,27180,80
18,21,0,27180,70
9,12,0,27180,92
13,23,0,27181,71
11,5,0,27182,59
13,23,0,27182,61
14,16,0,27183,29
13,23,0,27183,68
18,21,0,27183,75
2,25,0,27184,102
6,9,0,27184,56
13,23,0,27184,49
11,5,0,27184,57
13,23,0,27184,60
4,25,0,27185,51
1,24,0,27185,121
9,27,0,27185,98
11,5,0,27185,81
13,23,0,27185,53
18,21,0,27185,74
4,12,0,27186,109
0,3,0,27186,158
13,23,0,27186,55
14,23,0,27186,125
13,23,0,27186,50
18,21,0,27186,73
11,5,0,27187,56
1,24,0,27187,121
14,16,0,27187,31
2,13,0,27187,142
13,23,0,27187,52
4,25,0,27188,45
13,23,0,27188,48
6,9,0,27188,53
9,27,0,27188,96
2,13,0,27189,140
13,23,0,27189,53
11,5,0,27190,69
4,14,0,27190,84
13,23,0,27190,51
18,21,0,27190,70
1,24,0,27191,125
13,23,0,27191,50
11,5,0,27192,71
14,23,0,27192,120
14,23,0,27192,128
4,12,0,27192,108
2,13,0,27192,116
13,23,0,27192,48
18,21,0,27192,72
1,24,0,27193,121
13,23,0,27193,54
14,15,0,27194,34
25,13,0,27194,101
13,23,0,27194,53
1,24,0,27195,106
13,23,0,27195,47
18,27,0,27195,156
13,23,0,27196,52
9,12,0,27196,67
25,13,0,27196,96
1,24,0,27196,127
13,23,0,27196,46
25,13,0,27197,80
1,24,0,27197,107
4,23,0,27197,144
17,27,0,27198,177
2,25,0,27199,69
9,27,0,27199,92
4,23,0,27199,159
1,24,0,27200,121
13,23,0,27200,47
1,24,0,27201,110
22,27,0,27202,166
2,13,0,27203,150
2,23,0,27203,176
17,3,0,27203,177
22,27,0,27203,137
1,24,0,27203,105
17,3,0,27204,202
2,13,0,27204,113
8,14,0,27204,151
18,27,0,27205,158
2,23,0,27205,153
9,3,0,27205,187
9,3,0,27206,203
2,23,0,27206,174
8,10,0,27206,127
8,10,0,27206,125
8,10,0,27206,110
14,21,0,27206,172
1,24,0,27207,113
2,13,0,27207,113
26,8,0,27207,173
14,21,0,27208,204
9,27,0,27208,84
7,10,0,27208,148
8,10,0,27208,106
26,8,0,27208,174
2,23,0,27208,150
14,21,0,27208,145
7,10,0,27209,153
2,23,0,27209,142
26,8,0,27209,145
1,24,0,27210,105
0,25,0,27210,187
7,10,0,27210,141
7,10,0,27210,122
8,10,0,27211,111
7,10,0,27212,87
18,27,0,27212,90
7,10,0,27212,139
8,27,0,27212,165
8,10,0,27213,112
26,8,0,27213,113
26,8,0,27213,132
25,24,0,27213,143
7,10,0,27214,86
8,27,0,27214,138
12,15,0,27215,92
2,13,0,27215,108
7,10,0,27215,132
26,8,0,27215,72
7,10,0,27215,154
26,8,0,27216,100
7,10,0,27216,119
0,25,0,27217,186
8,15,0,27217,216
7,10,0,27217,147
8,16,0,27217,215
7,10,0,27217,136
11,12,0,27218,31
7,10,0,27218,94
7,10,0,27218,78
8,27,0,27218,150
8,15,0,27219,167
7,10,0,27219,128
8,27,0,27219,142
11,12,0,27220,36
18,4,0,27220,181
7,10,0,27220,128
27,8,0,27220,110
7,10,0,27221,134
7,10,0,27221,110
8,27,0,27221,130
26,8,0,27222,74
11,12,0,27222,19
7,15,0,27222,197
7,10,0,27223,104
7,10,0,27223,127
11,25,0,27223,163
0,25,0,27223,176
2,13,0,27223,115
7,10,0,27223,114
17,4,0,27224,182
7,10,0,27224,111
7,10,0,27224,125
9,15,0,27225,174
14,18,0,27225,53
2,13,0,27225,117
8,27,0,27225,146
7,10,0,27225,104
7,10,0,27226,114
7,10,0,27227,93
2,13,0,27227,133
8,27,0,27227,134
7,10,0,27228,94
7,10,0,27228,61
2,13,0,27228,133
7,10,0,27228,89
7,10,0,27229,82
2,25,0,27229,101
7,10,0,27230,97
8,27,0,27230,138
7,10,0,27231,72
22,25,0,27231,192
17,20,0,27232,177
7,27,0,27232,160
7,10,0,27232,68
18,21,0,27232,114
18,21,0,27232,107
7,10,0,27233,89
8,10,0,27233,127
22,25,0,27233,205
7,27,0,27233,181
4,15,0,27234,196
17,4,0,27234,187
7,10,0,27234,91
7,10,0,27234,69
17,21,0,27234,133
4,15,0,27235,177
18,21,0,27235,108
22,15,0,27235,206
11,3,0,27236,174
7,10,0,27236,79
18,21,0,27236,106
25,5,0,27236,193
4,15,0,27236,173
18,21,0,27236,105
7,10,0,27237,72
4,15,0,27237,168
17,21,0,27237,154
4,15,0,27238,158
4,15,0,27238,173
17,20,0,27238,131
25,5,0,27238,171
7,10,0,27238,77
8,10,0,27238,128
18,21,0,27239,104
17,21,0,27239,117
4,15,0,27239,156
4,15,0,27239,128
8,10,0,27239,107
17,21,0,27239,112
2,25,0,27240,105
8,10,0,27240,97
4,15,0,27241,151
8,10,0,27241,91
17,21,0,27241,146
17,21,0,27241,110
4,15,0,27242,133
18,21,0,27242,107
4,15,0,27243,200
4,15,0,27243,151
17,21,0,27243,105
8,10,0,27243,93
17,3,0,27244,206
14,4,0,27244,172
17,21,0,27244,150
17,21,0,27244,126
8,27,0,27244,145
4,15,0,27244,143
4,15,0,27244,150
17,21,0,27244,121
8,10,0,27245,85
17,21,0,27245,105
8,27,0,27245,133
4,15,0,27245,130
4,12,0,27246,160
4,12,0,27246,148
18,8,0,27246,215
18,21,0,27246,108
2,16,0,27246,186
22,3,0,27246,193
4,15,0,27247,129
17,7,0,27247,223
18,21,0,27247,108
18,12,0,27247,211
17,3,0,27247,196
18,12,0,27248,203
27,7,0,27248,140
17,8,0,27248,236
25,24,0,27248,90
26,24,0,27248,225
8,27,0,27248,135
11,12,0,27248,9
18,21,0,27248,105
20,15,0,27249,203
17,3,0,27249,219
27,8,0,27249,164
22,12,0,27249,231
14,4,0,27249,169
25,24,0,27249,103
25,23,0,27249,101
2,23,0,27249,171
27,23,0,27249,235
25,23,0,27249,111
2,23,0,27249,179
17,8,0,27250,208
18,21,0,27250,95
18,21,0,27250,103
0,3,0,27251,151
25,23,0,27251,101
22,15,0,27251,153
0,3,0,27251,165
2,24,0,27251,183
25,23,0,27251,65
25,23,0,27251,158
2,23,0,27251,151
27,8,0,27252,120
18,21,0,27252,108
18,21,0,27252,103
8,27,0,27252,145
4,14,0,27252,154
14,4,0,27252,169
2,23,0,27252,195
6,26,0,27253,104
6,26,0,27253,101
2,15,0,27253,199
2,23,0,27253,146
2,23,0,27253,169
14,4,0,27253,171
2,24,0,27253,149
22,14,0,27254,235
0,3,0,27254,147
27,7,0,27254,127
22,8,0,27254,253
25,24,0,27254,104
2,23,0,27254,155
2,23,0,27254,179
2,23,0,27254,170
18,21,0,27254,99
8,27,0,27254,143
11,12,0,27254,9
2,15,0,27254,180
6,26,0,27255,97
25,23,0,27255,62
2,15,0,27255,168
0,3,0,27255,157
2,24,0,27255,152
2,24,0,27255,143
18,21,0,27255,102
22,14,0,27256,243
25,23,0,27256,45
8,27,0,27256,142
6,26,0,27256,89
0,3,0,27256,166
22,13,0,27256,171
2,23,0,27256,160
18,12,0,27257,152
14,4,0,27257,154
14,4,0,27257,128
27,8,0,27257,121
2,23,0,27257,151
18,21,0,27257,105
6,26,0,27258,79
22,14,0,27258,225
2,24,0,27258,145
22,1,0,27258,162
18,1,0,27258,225
6,26,0,27258,87
22,14,0,27258,227
10,7,0,27258,114
25,24,0,27258,68
2,23,0,27258,157
18,21,0,27258,104
0,3,0,27259,134
14,4,0,27259,123
22,13,0,27259,179
14,4,0,27259,124
10,7,0,27259,103
6,26,0,27260,80
22,14,0,27260,204
9,1,0,27260,251
18,21,0,27260,104
6,26,0,27260,89
22,14,0,27260,210
10,7,0,27260,97
0,23,0,27260,250
22,13,0,27261,148
10,7,0,27261,83
10,8,0,27261,129
25,1,0,27261,45
14,4,0,27261,122
10,7,0,27261,86
0,23,0,27261,216
6,26,0,27262,80
22,14,0,27262,208
0,23,0,27262,243
8,27,0,27262,121
10,8,0,27263,123
18,21,0,27263,97
22,13,0,27263,169
10,7,0,27263,85
6,26,0,27264,64
22,14,0,27264,213
6,26,0,27264,74
14,4,0,27265,138
22,13,0,27265,158
18,21,0,27265,95
10,7,0,27265,63
10,7,0,27266,78
10,8,0,27266,107
22,13,0,27267,106
6,26,0,27268,23
14,4,0,27268,134
10,8,0,27268,52
2,24,0,27268,132
18,21,0,27268,105
14,4,0,27269,132
10,7,0,27269,50
18,21,0,27269,93
0,9,0,27269,261
9,15,0,27270,147
6,26,0,27270,23
22,13,0,27270,112
8,27,0,27270,124
10,7,0,27271,48
27,25,0,27272,200
0,9,0,27272,247
9,15,0,27272,242
22,13,0,27272,102
10,7,0,27273,48
22,23,0,27273,226
8,12,0,27273,191
0,9,0,27273,249
13,23,0,27273,118
9,15,0,27274,178
14,4,0,27274,118
22,23,0,27274,215
13,23,0,27274,118
6,26,0,27274,21
14,4,0,27274,123
13,23,0,27274,114
13,23,0,27274,121
9,27,0,27274,125
7,12,0,27275,222
19,13,0,27275,204
18,9,0,27275,237
0,9,0,27275,238
13,23,0,27275,116
9,15,0,27276,197
13,23,0,27276,110
13,23,0,27276,121
14,4,0,27276,111
13,23,0,27276,108
20,13,0,27277,76
13,23,0,27277,113
18,21,0,27277,107
14,4,0,27277,110
9,27,0,27277,117
11,5,0,27278,143
11,5,0,27278,150
9,15,0,27278,150
2,9,0,27278,234
0,9,0,27278,228
13,23,0,27278,121
13,23,0,27278,108
13,23,0,27278,111
9,27,0,27278,115
11,5,0,27279,144
7,12,0,27279,168
8,16,0,27279,219
4,27,0,27279,132
13,23,0,27279,108
18,21,0,27279,104
11,5,0,27279,108
11,5,0,27279,126
13,23,0,27279,119
7,12,0,27280,150
0,9,0,27280,262
13,23,0,27280,107
13,23,0,27280,107
9,15,0,27281,148
13,23,0,27281,100
11,5,0,27281,131
0,9,0,27281,248
6,25,0,27282,139
11,5,0,27282,121
13,23,0,27282,112
13,23,0,27282,98
13,23,0,27282,110
11,5,0,27283,129
18,21,0,27283,91
14,23,0,27283,186
13,23,0,27283,93
11,5,0,27284,120
6,25,0,27284,240
13,23,0,27284,97
8,12,0,27285,184
11,5,0,27285,102
25,1,0,27285,115
14,23,0,27285,194
13,23,0,27285,110
4,12,0,27286,174
11,5,0,27286,129
11,5,0,27286,107
25,24,0,27286,98
7,12,0,27286,137
13,23,0,27286,84
13,23,0,27286,91
11,5,0,27287,87
13,23,0,27287,103
11,5,0,27287,89
13,23,0,27287,105
11,12,0,27288,9
13,23,0,27288,96
14,21,0,27288,226
4,21,0,27288,218
13,23,0,27289,95
11,5,0,27289,69
6,9,0,27289,128
25,1,0,27289,71
14,23,0,27289,203
13,23,0,27290,97
11,5,0,27290,71
7,11,0,27290,225
13,23,0,27290,102
6,25,0,27291,229
14,4,0,27291,112
6,9,0,27291,129
13,23,0,27291,90
11,5,0,27292,62
25,1,0,27292,33
14,23,0,27292,194
14,23,0,27292,186
13,23,0,27293,88
14,23,0,27293,186
4,12,0,27293,143
4,14,0,27293,162
25,24,0,27294,74
13,23,0,27294,84
13,23,0,27294,105
9,12,0,27295,123
4,27,0,27295,108
6,25,0,27295,230
13,23,0,27295,102
4,14,0,27296,151
6,9,0,27296,115
7,11,0,27296,216
1,24,0,27296,188
13,23,0,27296,87
4,27,0,27296,87
13,23,0,27296,96
4,12,0,27297,146
11,5,0,27297,53
0,3,0,27297,160
14,23,0,27297,181
1,24,0,27297,200
7,11,0,27298,178
13,23,0,27298,94
11,12,0,27298,12
14,23,0,27299,176
13,23,0,27299,80
14,15,0,27299,80
6,9,0,27299,105
1,24,0,27299,170
14,23,0,27300,161
11,12,0,27301,9
1,24,0,27301,192
13,23,0,27301,83
14,23,0,27301,200
9,27,0,27301,99
11,5,0,27301,52
14,16,0,27301,57
14,23,0,27301,157
1,24,0,27302,159
13,23,0,27302,79
13,23,0,27302,97
14,23,0,27302,155
11,5,0,27302,51
6,9,0,27302,77
14,23,0,27302,165
9,12,0,27303,134
13,23,0,27303,95
14,23,0,27303,193
4,12,0,27304,128
8,11,0,27304,156
1,24,0,27304,185
14,23,0,27304,155
13,23,0,27304,89
13,23,0,27304,77
14,23,0,27305,154
14,23,0,27305,192
8,12,0,27305,160
1,24,0,27305,143
13,23,0,27305,77
13,23,0,27305,88
2,13,0,27306,174
4,14,0,27306,139
8,11,0,27306,190
4,12,0,27307,132
9,12,0,27307,157
13,23,0,27307,79
14,23,0,27307,193
13,23,0,27307,87
6,9,0,27308,58
7,11,0,27308,165
0,3,0,27308,170
2,13,0,27308,205
1,24,0,27308,181
14,23,0,27308,177
13,23,0,27308,72
13,23,0,27309,85
14,23,0,27309,139
4,27,0,27309,81
14,23,0,27309,159
13,23,0,27309,69
1,24,0,27310,146
4,12,0,27310,103
2,13,0,27310,176
14,23,0,27310,137
8,11,0,27311,199
13,23,0,27311,76
14,23,0,27312,128
13,23,0,27312,73
1,24,0,27312,170
4,12,0,27313,95
8,11,0,27313,166
13,23,0,27313,75
9,12,0,27313,146
1,24,0,27313,139
14,23,0,27313,132
14,23,0,27313,126
13,23,0,27313,70
2,13,0,27314,174
13,23,0,27314,69
17,27,0,27314,239
4,25,0,27315,74
8,11,0,27315,184
1,24,0,27315,150
14,23,0,27315,131
13,23,0,27315,62
17,3,0,27315,220
13,23,0,27315,67
17,3,0,27316,270
17,3,0,27316,272
9,12,0,27316,119
17,27,0,27316,188
2,13,0,27317,176
13,23,0,27317,60
13,23,0,27317,58
18,3,0,27317,193
18,3,0,27318,258
13,23,0,27318,57
9,12,0,27318,121
22,27,0,27318,221
1,24,0,27318,140
1,24,0,27318,143
9,27,0,27318,117
17,3,0,27319,261
2,13,0,27319,188
14,15,0,27319,40
13,23,0,27319,56
18,3,0,27320,235
2,13,0,27320,161
1,24,0,27320,124
13,23,0,27320,55
17,20,0,27320,171
9,12,0,27321,65
0,25,0,27322,249
8,14,0,27322,194
18,3,0,27322,207
17,3,0,27322,272
1,24,0,27322,135
9,12,0,27322,117
2,23,0,27322,193
18,21,0,27322,148
2,13,0,27323,159
4,25,0,27323,107
17,3,0,27323,221
0,25,0,27324,250
8,14,0,27324,197
11,3,0,27324,236
18,21,0,27324,143
9,12,0,27324,98
9,3,0,27324,285
27,7,0,27324,192
25,24,0,27324,101
17,21,0,27324,147
9,12,0,27325,98
2,23,0,27325,183
18,21,0,27325,138
27,9,0,27326,157
18,21,0,27326,135
0,25,0,27326,250
14,15,0,27326,31
17,3,0,27326,228
8,10,0,27326,155
8,10,0,27326,142
18,21,0,27326,143
17,20,0,27326,170
17,3,0,27327,255
8,10,0,27327,132
18,21,0,27327,109
9,14,0,27327,184
2,23,0,27327,188
27,25,0,27328,210
11,8,0,27328,200
9,3,0,27328,281
8,10,0,27328,134
8,10,0,27328,128
2,23,0,27328,182
8,25,0,27329,287
8,10,0,27329,116
17,21,0,27329,157
27,7,0,27329,236
9,8,0,27329,227
9,3,0,27330,273
27,8,0,27330,240
25,23,0,27330,171
8,25,0,27330,323
2,13,0,27330,156
8,10,0,27330,122
7,10,0,27330,157
17,21,0,27330,134
18,21,0,27331,126
9,8,0,27331,222
4,23,0,27331,203
26,8,0,27332,138
8,25,0,27332,298
7,10,0,27332,160
8,10,0,27332,120
14,21,0,27332,211
7,10,0,27333,159
17,21,0,27333,135
2,13,0,27333,151
7,10,0,27334,156
2,8,0,27334,253
14,21,0,27334,192
8,27,0,27334,163
8,25,0,27334,282
8,10,0,27334,119
17,21,0,27334,156
8,15,0,27335,252
7,10,0,27335,150
26,8,0,27335,182
8,11,0,27336,199
8,11,0,27336,191
2,13,0,27336,193
27,24,0,27336,164
7,10,0,27336,143
7,10,0,27336,161
7,10,0,27336,148
18,21,0,27336,130
8,25,0,27337,289
0,25,0,27337,249
2,13,0,27337,142
0,7,0,27337,296
8,27,0,27337,167
7,10,0,27338,151
26,8,0,27338,173
17,21,0,27338,153
18,21,0,27338,131
8,9,0,27339,125
7,10,0,27339,152
26,8,0,27339,157
7,10,0,27340,126
18,4,0,27340,204
2,25,0,27341,149
7,10,0,27341,120
7,10,0,27341,131
18,21,0,27341,125
8,15,0,27341,222
8,11,0,27341,181
18,21,0,27341,136
2,13,0,27342,149
7,10,0,27342,115
26,8,0,27342,106
25,5,0,27342,227
7,10,0,27342,135
17,20,0,27342,168
22,25,0,27343,258
7,10,0,27343,121
7,10,0,27343,109
27,8,0,27343,91
17,21,0,27343,129
2,13,0,27344,146
26,8,0,27344,117
8,27,0,27344,143
8,11,0,27344,168
7,10,0,27344,132
17,20,0,27344,145
7,10,0,27345,125
22,25,0,27345,227
2,25,0,27345,115
11,12,0,27345,11
7,10,0,27345,91
18,21,0,27346,128
7,10,0,27346,113
7,10,0,27346,119
17,20,0,27346,124
0,13,0,27347,289
7,10,0,27347,72
27,7,0,27347,70
8,27,0,27347,133
7,9,0,27348,142
7,10,0,27348,107
7,10,0,27348,109
18,21,0,27348,111
11,3,0,27349,167
7,10,0,27349,72
8,27,0,27349,166
22,25,0,27350,207
11,27,0,27350,224
7,10,0,27350,112
7,10,0,27350,101
11,3,0,27351,125
0,13,0,27351,287
7,10,0,27351,68
25,5,0,27351,305
18,21,0,27351,102
11,27,0,27351,237
11,12,0,27352,13
7,10,0,27352,103
7,10,0,27352,100
18,21,0,27352,138
22,25,0,27352,218
7,10,0,27352,64
8,14,0,27353,161
8,27,0,27353,156
7,10,0,27353,101
7,10,0,27353,100
18,21,0,27354,129
18,21,0,27354,119
22,15,0,27354,212
7,10,0,27354,74
22,25,0,27355,195
22,15,0,27355,186
7,10,0,27355,94
7,10,0,27355,96
18,21,0,27355,83
7,27,0,27355,142
0,5,0,27356,327
11,12,0,27356,14
18,21,0,27356,128
4,15,0,27356,210
17,3,0,27356,286
7,10,0,27357,95
22,15,0,27357,182
0,13,0,27357,226
7,10,0,27357,93
7,10,0,27357,95
8,27,0,27357,166
18,21,0,27358,124
4,15,0,27358,190
4,15,0,27358,110
17,3,0,27359,302
27,7,0,27359,139
8,27,0,27359,163
17,4,0,27359,202
7,10,0,27359,73
8,10,0,27359,139
9,8,0,27359,211
12,24,0,27359,322
11,24,0,27359,243
18,21,0,27359,94
17,3,0,27360,231
0,13,0,27360,237
18,8,0,27360,290
0,5,0,27361,235
11,12,0,27361,10
4,15,0,27361,253
8,10,0,27361,123
8,10,0,27361,140
18,21,0,27361,118
0,13,0,27362,276
11,24,0,27362,336
4,15,0,27363,221
9,8,0,27363,202
18,21,0,27363,110
25,5,0,27363,212
12,24,0,27363,336
7,27,0,27363,145
0,3,0,27364,212
0,13,0,27364,245
18,21,0,27364,114
7,27,0,27364,76
4,15,0,27365,240
8,10,0,27365,112
11,24,0,27365,259
0,3,0,27365,210
9,8,0,27365,193
4,12,0,27366,144
4,12,0,27366,147
4,12,0,27366,143
4,15,0,27366,141
4,15,0,27366,219
14,4,0,27366,162
17,8,0,27366,297
2,24,0,27366,177
8,27,0,27366,156
11,24,0,27367,235
18,21,0,27367,72
14,4,0,27367,165
18,12,0,27368,242
4,12,0,27368,141
25,5,0,27368,234
0,3,0,27368,258
17,8,0,27368,304
4,15,0,27368,178
14,4,0,27369,175
2,24,0,27369,152
11,24,0,27369,245
25,23,0,27369,109
18,1,0,27369,271
25,23,0,27369,173
25,23,0,27369,136
2,12,0,27370,322
17,1,0,27370,300
4,23,0,27370,230
4,15,0,27370,172
4,15,0,27370,126
2,13,0,27370,174
25,8,0,27370,355
2,24,0,27370,146
2,23,0,27370,197
2,24,0,27371,164
25,23,0,27371,164
25,23,0,27371,83
14,4,0,27371,165
4,23,0,27371,202
2,23,0,27371,230
8,9,0,27372,143
14,4,0,27372,164
22,8,0,27372,345
2,24,0,27372,143
2,24,0,27372,157
2,23,0,27372,222
18,21,0,27372,74
8,27,0,27372,155
6,26,0,27373,87
4,15,0,27373,159
27,8,0,27373,181
11,1,0,27373,294
22,12,0,27373,290
22,12,0,27373,251
4,15,0,27373,135
2,23,0,27373,226
27,14,0,27374,327
18,21,0,27374,73
4,15,0,27374,181
2,24,0,27375,150
22,12,0,27375,260
2,13,0,27375,137
9,8,0,27375,130
18,21,0,27375,97
7,27,0,27375,144
6,26,0,27376,67
22,15,0,27376,196
22,14,0,27376,303
22,14,0,27376,303
17,8,0,27376,303
2,23,0,27376,216
4,15,0,27376,167
18,12,0,27377,199
22,8,0,27377,331
7,27,0,27377,142
14,4,0,27377,132
2,23,0,27377,167
22,14,0,27378,277
2,24,0,27378,142
22,12,0,27378,242
6,26,0,27378,49
27,14,0,27378,352
8,18,0,27378,273
8,18,0,27378,298
2,13,0,27378,173
10,7,0,27378,152
2,23,0,27378,219
7,27,0,27378,132
4,15,0,27379,174
22,8,0,27379,315
2,23,0,27379,135
14,21,0,27379,274
14,21,0,27379,301
22,12,0,27379,233
6,26,0,27379,78
22,13,0,27379,178
10,7,0,27379,145
2,23,0,27379,194
14,21,0,27379,301
11,12,0,27380,13
10,7,0,27380,150
6,26,0,27380,77
4,15,0,27380,128
22,15,0,27380,158
8,18,0,27380,289
2,23,0,27380,217
10,7,0,27381,140
14,21,0,27381,285
14,21,0,27381,217
4,15,0,27381,134
22,14,0,27381,280
14,4,0,27381,133
14,4,0,27381,131
10,7,0,27381,112
10,8,0,27381,72
0,23,0,27381,326
4,15,0,27382,122
25,24,0,27382,38
14,21,0,27382,314
4,20,0,27382,244
11,12,0,27382,9
2,23,0,27382,199
14,21,0,27382,274
14,4,0,27383,124
14,4,0,27383,136
22,14,0,27383,217
22,14,0,27383,258
10,7,0,27383,118
10,8,0,27383,53
2,23,0,27383,198
2,15,0,27384,264
22,13,0,27384,140
4,20,0,27384,251
6,25,0,27384,125
10,7,0,27384,149
8,21,0,27384,376
14,21,0,27384,271
22,14,0,27385,220
0,23,0,27385,321
8,27,0,27385,150
10,7,0,27386,92
10,7,0,27386,100
14,21,0,27386,278
2,21,0,27386,205
2,15,0,27386,249
22,13,0,27386,143
22,14,0,27387,271
0,23,0,27387,309
8,27,0,27387,161
6,26,0,27387,20
22,14,0,27387,230
22,13,0,27387,128
10,7,0,27387,110
14,4,0,27388,118
14,4,0,27388,115
10,7,0,27388,64
10,7,0,27389,66
2,15,0,27389,194
22,13,0,27389,139
9,27,0,27390,126
10,7,0,27390,55
6,26,0,27391,29
4,18,0,27391,181
6,26,0,27391,20
2,15,0,27391,266
14,4,0,27391,119
22,13,0,27391,99
18,9,0,27392,232
2,15,0,27393,211
22,13,0,27393,127
10,7,0,27393,53
13,23,0,27393,129
2,15,0,27393,186
14,4,0,27393,108
22,9,0,27393,370
22,23,0,27393,331
13,23,0,27394,112
6,25,0,27394,156
18,13,0,27394,175
13,23,0,27394,128
13,23,0,27394,123
2,15,0,27395,286
14,4,0,27395,113
18,9,0,27395,286
13,23,0,27395,108
14,16,0,27395,81
9,15,0,27395,188
22,9,0,27395,324
20,13,0,27395,158
9,27,0,27395,124
8,12,0,27396,197
11,24,0,27396,292
13,23,0,27396,126
13,23,0,27396,100
2,15,0,27396,251
0,9,0,27397,293
13,23,0,27397,106
11,5,0,27397,100
14,4,0,27397,110
27,9,0,27397,193
22,13,0,27397,118
13,23,0,27397,120
2,15,0,27398,211
13,23,0,27398,103
13,23,0,27398,122
4,9,0,27398,184
6,26,0,27399,22
22,13,0,27399,97
13,23,0,27399,109
13,23,0,27399,116
11,5,0,27399,142
0,9,0,27399,326
13,23,0,27399,113
14,4,0,27400,111
26,24,0,27400,282
6,26,0,27400,20
8,12,0,27400,213
13,23,0,27400,111
13,23,0,27400,111
25,9,0,27401,337
11,5,0,27401,139
9,27,0,27401,113
0,9,0,27402,334
0,9,0,27402,308
13,23,0,27402,103
13,23,0,27402,101
11,5,0,27402,127
13,23,0,27402,111
0,3,0,27403,230
0,9,0,27403,303
25,24,0,27403,31
11,5,0,27403,88
11,5,0,27403,73
14,16,0,27403,52
14,15,0,27403,82
0,9,0,27403,340
13,23,0,27403,87
13,23,0,27403,107
11,5,0,27405,134
0,9,0,27405,383
0,9,0,27405,366
9,24,0,27405,370
14,16,0,27405,37
4,12,0,27406,174
13,23,0,27406,102
13,23,0,27406,109
0,9,0,27406,307
26,5,0,27407,28
2,9,0,27407,268
8,11,0,27407,244
13,23,0,27407,94
2,25,0,27407,118
13,23,0,27407,104
14,23,0,27407,191
4,12,0,27408,169
11,5,0,27408,110
0,9,0,27408,376
1,24,0,27408,201
11,5,0,27409,73
0,9,0,27409,305
13,23,0,27409,95
13,23,0,27409,100
11,5,0,27410,69
2,9,0,27410,201
14,23,0,27410,194
13,23,0,27410,88
13,23,0,27410,98
2,9,0,27411,264
1,24,0,27411,197
14,23,0,27411,212
12,18,0,27411,102
4,12,0,27412,155
9,18,0,27412,237
14,4,0,27412,119
25,9,0,27412,296
8,11,0,27412,237
11,5,0,27412,64
9,12,0,27412,146
2,9,0,27412,206
13,23,0,27412,91
18,21,0,27412,124
18,21,0,27413,169
14,21,0,27413,259
8,11,0,27413,215
13,23,0,27413,91
13,23,0,27413,97
17,20,0,27413,176
4,12,0,27414,148
2,9,0,27414,239
1,24,0,27414,211
14,23,0,27414,194
14,23,0,27414,204
6,9,0,27414,126
25,3,0,27415,119
14,4,0,27415,115
13,23,0,27415,98
14,21,0,27415,252
12,21,0,27415,386
13,23,0,27415,87
14,21,0,27415,285
0,25,0,27416,300
18,26,0,27416,145
11,12,0,27416,12
25,9,0,27416,322
14,23,0,27416,191
6,9,0,27416,125
8,11,0,27416,214
4,14,0,27417,167
1,24,0,27417,189
13,23,0,27417,86
13,23,0,27417,89
14,23,0,27417,163
14,23,0,27417,199
13,23,0,27417,86
4,12,0,27417,157
11,12,0,27417,12
17,21,0,27417,175
13,23,0,27418,80
17,21,0,27418,175
11,5,0,27418,53
6,9,0,27418,116
6,9,0,27418,114
7,11,0,27419,221
14,23,0,27419,186
17,21,0,27419,114
14,4,0,27419,117
13,23,0,27419,83
17,21,0,27419,180
14,23,0,27420,189
18,21,0,27420,106
17,20,0,27420,162
14,15,0,27420,30
6,9,0,27420,113
1,24,0,27420,211
18,21,0,27420,104
11,5,0,27421,52
8,11,0,27421,209
13,23,0,27421,87
6,9,0,27421,84
14,23,0,27421,154
1,24,0,27422,190
13,23,0,27422,87
14,21,0,27422,294
9,27,0,27422,108
14,16,0,27422,25
13,23,0,27422,83
13,23,0,27422,81
18,21,0,27422,95
17,20,0,27422,174
11,5,0,27423,60
14,23,0,27423,158
14,23,0,27423,140
6,9,0,27424,82
14,23,0,27424,150
18,21,0,27424,90
9,27,0,27424,119
4,12,0,27424,133
14,23,0,27424,140
17,20,0,27424,171
0,25,0,27425,297
13,23,0,27425,83
14,23,0,27425,153
14,23,0,27425,140
13,23,0,27425,77
18,21,0,27425,81
4,14,0,27426,154
1,24,0,27426,216
13,23,0,27426,77
17,20,0,27426,131
6,9,0,27426,56
2,13,0,27426,206
9,27,0,27426,92
13,23,0,27427,73
17,3,0,27427,316
14,23,0,27427,137
14,23,0,27427,144
13,23,0,27427,74
18,21,0,27427,70
17,3,0,27428,318
1,24,0,27428,185
2,13,0,27428,166
13,23,0,27428,77
13,23,0,27428,72
17,20,0,27428,145
4,12,0,27429,109
14,15,0,27429,31
17,3,0,27429,330
6,9,0,27429,55
13,23,0,27429,69
9,27,0,27429,117
17,3,0,27430,326
13,23,0,27430,66
18,21,0,27430,75
17,20,0,27430,167
13,23,0,27430,73
6,9,0,27431,55
14,23,0,27431,133
9,12,0,27431,103
22,3,0,27431,283
17,3,0,27431,307
1,24,0,27431,177
17,20,0,27431,159
13,23,0,27432,68
18,21,0,27432,81
14,23,0,27432,131
17,3,0,27433,278
13,23,0,27433,68
13,23,0,27433,67
17,20,0,27433,139
1,24,0,27434,214
18,21,0,27434,81
13,23,0,27435,65
17,3,0,27435,246
25,24,0,27436,156
17,20,0,27436,152
9,12,0,27436,216
13,23,0,27436,68
18,21,0,27436,69
17,3,0,27437,207
13,23,0,27437,61
13,23,0,27437,56
9,27,0,27437,112
0,25,0,27437,298
4,14,0,27437,107
18,3,0,27437,286
17,27,0,27438,263
9,12,0,27438,193
13,23,0,27438,68
13,23,0,27438,54
11,3,0,27439,210
17,3,0,27439,268
4,14,0,27439,117
18,27,0,27439,257
9,27,0,27439,105
13,23,0,27440,60
13,23,0,27440,57
18,21,0,27440,141
18,13,0,27440,282
18,21,0,27440,118
11,3,0,27441,234
4,25,0,27441,120
7,12,0,27441,218
7,11,0,27441,232
18,21,0,27442,103
18,21,0,27442,91
9,3,0,27442,342
17,27,0,27442,228
2,13,0,27442,182
0,25,0,27443,314
8,14,0,27443,250
7,11,0,27443,227
4,25,0,27443,139
7,12,0,27443,212
9,3,0,27443,338
18,21,0,27443,72
18,27,0,27444,234
2,23,0,27444,229
9,3,0,27445,373
27,7,0,27445,133
4,25,0,27445,127
7,12,0,27445,188
0,9,0,27445,297
25,9,0,27445,290
2,23,0,27445,231
18,21,0,27445,71
18,27,0,27446,218
8,11,0,27446,223
7,10,0,27446,151
4,23,0,27446,213
8,12,0,27447,214
9,3,0,27447,330
11,27,0,27447,336
8,10,0,27447,153
7,10,0,27447,148
18,21,0,27447,72
4,25,0,27447,132
22,9,0,27447,413
27,23,0,27447,382
18,21,0,27447,76
9,3,0,27448,346
2,13,0,27448,157
11,27,0,27448,376
8,11,0,27448,225
7,10,0,27448,143
7,10,0,27448,143
17,8,0,27448,352
8,10,0,27449,154
9,8,0,27449,192
18,21,0,27449,76
25,23,0,27449,89
18,21,0,27449,69
11,27,0,27450,386
8,11,0,27450,216
7,10,0,27450,138
26,8,0,27450,134
9,27,0,27450,90
7,10,0,27450,154
7,10,0,27450,156
25,23,0,27451,150
22,27,0,27451,275
7,10,0,27451,131
26,8,0,27451,165
8,11,0,27452,207
26,8,0,27452,212
11,12,0,27452,27
2,13,0,27452,177
7,10,0,27452,148
7,10,0,27453,127
8,27,0,27453,182
25,8,0,27454,313
7,14,0,27454,172
7,10,0,27455,143
7,10,0,27455,122
26,8,0,27455,133
7,10,0,27455,145
22,25,0,27456,275
9,3,0,27456,352
8,27,0,27456,217
27,8,0,27456,298
18,21,0,27456,79
18,21,0,27456,67
2,25,0,27457,124
7,10,0,27457,147
7,10,0,27457,144
7,10,0,27457,100
8,27,0,27457,200
22,25,0,27458,229
7,10,0,27458,145
7,10,0,27458,131
7,10,0,27459,136
18,21,0,27459,72
8,27,0,27459,182
9,3,0,27459,292
0,13,0,27460,286
7,10,0,27460,96
8,27,0,27460,178
22,25,0,27461,188
7,9,0,27461,155
7,10,0,27461,143
2,25,0,27461,107
7,10,0,27461,125
8,27,0,27461,178
7,10,0,27462,90
17,4,0,27462,298
2,13,0,27462,157
7,10,0,27462,148
26,8,0,27462,86
18,21,0,27462,69
22,25,0,27463,192
7,10,0,27463,113
7,10,0,27463,82
7,15,0,27464,180
18,21,0,27464,75
18,4,0,27464,261
7,10,0,27464,102
8,27,0,27464,194
7,10,0,27465,136
7,10,0,27465,73
7,10,0,27466,123
7,10,0,27467,91
7,10,0,27467,79
14,21,0,27468,251
14,21,0,27468,205
8,27,0,27468,151
7,10,0,27468,127
7,10,0,27468,90
17,3,0,27469,296
14,21,0,27469,238
8,27,0,27469,152
7,10,0,27469,61
9,3,0,27470,321
18,8,0,27470,290
7,10,0,27470,80
8,27,0,27470,191
17,3,0,27471,281
17,4,0,27471,243
2,13,0,27471,208
7,10,0,27471,126
17,8,0,27471,246
14,21,0,27471,180
14,21,0,27471,161
8,27,0,27472,143
17,4,0,27472,249
7,10,0,27472,93
7,10,0,27472,75
26,24,0,27472,295
17,3,0,27473,303
7,10,0,27473,127
7,10,0,27473,77
11,27,0,27473,335
7,10,0,27474,83
26,24,0,27474,371
22,15,0,27474,163
4,20,0,27474,257
7,27,0,27474,158
7,10,0,27475,121
17,8,0,27475,319
4,15,0,27475,198
4,15,0,27475,216
0,3,0,27475,285
25,24,0,27475,181
11,27,0,27475,332
7,10,0,27476,70
17,8,0,27476,272
9,24,0,27476,439
8,27,0,27476,152
4,15,0,27477,226
7,10,0,27477,119
17,8,0,27477,332
9,24,0,27477,448
4,15,0,27477,199
0,3,0,27477,265
7,10,0,27477,75
25,21,0,27477,160
22,15,0,27478,241
2,21,0,27478,253
4,15,0,27479,168
7,10,0,27479,112
8,10,0,27479,146
18,8,0,27479,218
25,24,0,27479,176
9,21,0,27479,425
11,27,0,27479,251
4,15,0,27480,184
0,3,0,27480,253
7,10,0,27480,95
8,10,0,27480,166
9,21,0,27480,389
7,27,0,27480,144
2,13,0,27481,177
9,24,0,27481,397
4,15,0,27481,189
8,10,0,27481,161
18,1,0,27481,342
4,15,0,27482,155
17,8,0,27482,311
17,1,0,27482,403
0,3,0,27482,256
7,10,0,27482,92
7,27,0,27482,188
25,24,0,27483,122
9,8,0,27483,154
18,1,0,27483,316
4,15,0,27484,159
7,10,0,27484,85
8,10,0,27484,164
18,8,0,27484,276
17,1,0,27484,309
7,27,0,27484,145
4,15,0,27484,226
25,24,0,27485,98
17,1,0,27485,282
8,25,0,27485,370
11,12,0,27485,9
4,15,0,27485,133
9,24,0,27485,391
18,1,0,27485,325
4,12,0,27486,152
14,4,0,27486,174
27,8,0,27486,161
7,27,0,27486,120
4,15,0,27486,183
8,10,0,27486,181
8,10,0,27486,173
9,24,0,27487,409
18,1,0,27487,271
4,15,0,27487,137
9,8,0,27487,144
18,1,0,27487,291
22,12,0,27488,315
4,12,0,27488,135
2,13,0,27488,178
12,24,0,27488,338
7,27,0,27488,192
22,12,0,27488,376
4,15,0,27488,200
17,8,0,27488,303
18,1,0,27488,228
9,24,0,27489,420
18,1,0,27489,316
4,23,0,27489,260
25,23,0,27489,97
4,23,0,27489,300
25,23,0,27489,185
25,23,0,27489,175
7,27,0,27489,121
18,12,0,27490,332
18,12,0,27490,282
2,13,0,27490,130
18,8,0,27490,247
22,12,0,27490,337
4,15,0,27490,174
14,4,0,27491,177
14,4,0,27491,188
2,24,0,27491,230
18,1,0,27491,225
2,23,0,27491,231
2,23,0,27491,280
25,23,0,27491,111
2,23,0,27491,219
7,27,0,27491,125
22,8,0,27491,344
18,1,0,27491,234
2,23,0,27491,245
4,14,0,27492,152
4,14,0,27492,146
12,8,0,27492,129
0,23,0,27492,340
2,23,0,27492,170
6,26,0,27493,101
6,26,0,27493,100
4,15,0,27493,207
14,4,0,27493,180
9,24,0,27493,411
2,23,0,27493,228
2,23,0,27493,258
7,27,0,27493,165
2,13,0,27493,162
22,8,0,27493,366
9,1,0,27493,422
25,23,0,27493,178
2,24,0,27494,215
18,1,0,27494,279
25,23,0,27494,227
4,15,0,27494,153
6,26,0,27495,35
9,24,0,27495,355
11,1,0,27495,325
2,23,0,27495,199
26,5,0,27495,213
4,15,0,27495,134
14,4,0,27495,165
22,8,0,27495,378
2,24,0,27495,216
11,1,0,27495,384
25,23,0,27495,217
14,4,0,27496,174
2,23,0,27496,255
18,12,0,27496,233
4,15,0,27496,177
27,8,0,27496,128
7,27,0,27496,125
22,13,0,27497,180
25,24,0,27497,89
25,23,0,27497,176
4,15,0,27497,206
2,24,0,27497,205
25,1,0,27497,192
8,27,0,27497,165
22,14,0,27498,275
2,23,0,27498,244
0,23,0,27498,319
4,25,0,27498,105
4,15,0,27498,135
10,7,0,27498,142
11,12,0,27499,9
4,15,0,27499,162
22,14,0,27499,368
14,4,0,27499,173
2,24,0,27499,201
12,1,0,27499,346
8,27,0,27499,134
10,7,0,27499,145
2,24,0,27499,186
4,15,0,27500,149
22,14,0,27500,316
9,1,0,27500,370
25,23,0,27500,279
22,15,0,27500,170
10,8,0,27500,89
14,4,0,27501,169
22,13,0,27501,177
10,7,0,27501,124
2,24,0,27501,172
11,1,0,27501,264
22,14,0,27501,353
25,23,0,27501,212
0,23,0,27501,377
10,7,0,27502,137
10,8,0,27502,76
8,27,0,27502,148
22,15,0,27502,169
14,4,0,27502,156
2,24,0,27502,162
18,21,0,27502,95
12,21,0,27502,333
2,15,0,27503,247
10,7,0,27503,119
18,21,0,27503,110
10,7,0,27503,99
8,27,0,27503,145
2,15,0,27504,275
22,13,0,27504,175
0,23,0,27504,355
8,20,0,27504,449
10,8,0,27504,60
14,21,0,27504,316
2,15,0,27505,288
10,7,0,27505,115
18,21,0,27505,102
8,27,0,27505,136
14,4,0,27505,163
18,21,0,27505,99
22,13,0,27506,167
10,7,0,27506,90
25,23,0,27506,216
2,15,0,27506,285
14,4,0,27506,145
10,7,0,27506,84
10,8,0,27507,62
17,21,0,27507,214
2,15,0,27507,226
10,7,0,27507,102
12,21,0,27507,331
14,4,0,27508,146
22,13,0,27508,177
10,7,0,27508,72
2,23,0,27508,202
11,25,0,27508,224
11,12,0,27508,9
2,23,0,27508,220
8,27,0,27508,135
2,23,0,27509,177
18,21,0,27509,105
2,15,0,27509,276
17,21,0,27509,161
14,4,0,27510,151
10,7,0,27510,59
10,8,0,27510,62
18,21,0,27510,104
8,27,0,27510,118
7,15,0,27510,302
10,7,0,27510,49
14,21,0,27511,340
17,21,0,27511,135
22,13,0,27511,156
9,24,0,27511,356
11,1,0,27511,264
17,20,0,27511,164
8,27,0,27511,120
11,12,0,27512,9
7,15,0,27512,338
10,7,0,27512,53
14,21,0,27512,346
8,16,0,27512,268
8,27,0,27512,116
10,7,0,27513,53
9,1,0,27513,400
14,4,0,27513,131
18,9,0,27513,286
13,23,0,27513,117
14,21,0,27513,315
7,15,0,27514,264
14,4,0,27514,125
9,24,0,27514,409
22,23,0,27514,332
13,23,0,27514,129
10,7,0,27514,51
13,23,0,27514,126
13,23,0,27514,115
14,21,0,27514,253
9,1,0,27515,363
22,23,0,27515,260
17,21,0,27515,187
18,9,0,27515,348
9,24,0,27515,326
13,23,0,27515,124
13,23,0,27515,123
4,18,0,27516,167
14,4,0,27516,120
13,23,0,27516,100
14,21,0,27516,261
8,12,0,27516,214
18,9,0,27516,247
22,13,0,27516,137
13,23,0,27516,106
14,21,0,27516,316
17,21,0,27516,167
9,27,0,27516,146
2,25,0,27517,210
9,15,0,27517,275
13,23,0,27517,106
8,25,0,27517,387
11,5,0,27517,135
13,23,0,27517,120
13,23,0,27517,116
11,5,0,27518,135
14,21,0,27518,263
18,21,0,27518,107
8,27,0,27518,120
6,25,0,27518,247
11,5,0,27518,118
17,21,0,27518,110
14,4,0,27519,120
13,23,0,27519,114
13,23,0,27519,117
9,27,0,27519,153
11,5,0,27519,132
14,4,0,27519,108
27,9,0,27519,177
22,13,0,27519,133
1,24,0,27520,270
22,23,0,27520,226
18,21,0,27520,108
14,21,0,27520,294
8,25,0,27520,379
14,21,0,27520,315
18,4,0,27521,136
13,23,0,27521,104
13,23,0,27521,111
18,26,0,27521,235
11,5,0,27521,136
11,5,0,27521,124
9,15,0,27521,247
18,9,0,27521,310
18,21,0,27521,93
18,26,0,27522,203
1,24,0,27522,294
13,23,0,27522,96
13,23,0,27522,107
17,21,0,27523,169
11,5,0,27523,117
11,5,0,27523,93
14,21,0,27523,285
0,9,0,27524,380
1,24,0,27524,254
18,21,0,27524,97
13,23,0,27524,89
13,23,0,27524,106
18,21,0,27524,69
11,5,0,27525,101
18,21,0,27525,84
0,9,0,27525,397
1,24,0,27525,279
13,23,0,27525,84
4,12,0,27526,160
18,26,0,27526,157
13,23,0,27526,81
0,9,0,27527,379
18,21,0,27527,85
18,21,0,27527,83
0,9,0,27527,366
1,24,0,27527,254
13,23,0,27527,99
11,5,0,27528,92
11,5,0,27528,93
13,23,0,27528,96
0,9,0,27529,360
2,9,0,27529,263
13,23,0,27529,86
18,21,0,27529,65
11,5,0,27529,60
11,5,0,27529,93
14,16,0,27529,107
14,4,0,27529,115
13,23,0,27529,89
2,9,0,27530,219
13,23,0,27530,79
13,23,0,27530,82
8,25,0,27530,337
9,15,0,27530,188
0,9,0,27530,334
1,24,0,27530,250
13,23,0,27531,75
14,16,0,27531,107
22,9,0,27531,455
14,23,0,27531,202
11,5,0,27532,84
18,21,0,27532,63
4,12,0,27532,153
11,5,0,27532,57
14,4,0,27532,116
13,23,0,27532,88
1,24,0,27533,249
13,23,0,27533,87
4,14,0,27534,166
22,9,0,27534,373
7,11,0,27534,231
14,4,0,27534,120
0,9,0,27534,363
13,23,0,27534,73
4,12,0,27535,152
14,23,0,27535,215
14,23,0,27535,204
13,23,0,27535,69
13,23,0,27536,89
18,21,0,27536,67
14,23,0,27536,198
14,4,0,27537,117
2,9,0,27537,256
7,11,0,27537,143
1,24,0,27537,256
14,23,0,27537,194
13,23,0,27537,65
4,12,0,27537,152
4,14,0,27537,162
6,9,0,27537,134
13,23,0,27537,83
14,23,0,27537,174
14,15,0,27538,39
6,9,0,27538,72
8,11,0,27538,156
1,24,0,27538,229
14,23,0,27538,201
13,23,0,27538,70
11,5,0,27539,54
14,23,0,27539,199
13,23,0,27539,82
14,4,0,27539,118
13,23,0,27539,76
17,3,0,27540,307
22,3,0,27540,318
14,23,0,27540,180
14,23,0,27540,183
18,21,0,27540,60
1,24,0,27540,255
14,23,0,27541,177
13,23,0,27541,70
9,27,0,27541,92
17,3,0,27541,262
17,3,0,27541,254
6,9,0,27541,68
7,11,0,27541,207
13,23,0,27542,77
13,23,0,27542,65
14,23,0,27542,155
9,12,0,27543,80
6,9,0,27543,69
1,24,0,27543,252
14,23,0,27543,178
17,3,0,27543,265
17,3,0,27543,227
13,23,0,27543,73
4,27,0,27544,94
8,11,0,27544,205
14,23,0,27544,174
13,23,0,27544,73
18,21,0,27544,65
13,23,0,27545,63
18,21,0,27545,65
9,12,0,27545,110
11,3,0,27545,235
14,23,0,27545,154
11,5,0,27546,53
18,3,0,27546,170
6,9,0,27546,62
1,24,0,27546,221
13,23,0,27546,77
13,23,0,27546,66
0,25,0,27546,340
8,11,0,27546,171
2,13,0,27546,207
14,23,0,27546,151
11,5,0,27547,54
9,12,0,27547,101
18,3,0,27547,168
13,23,0,27547,71
14,23,0,27547,177
9,27,0,27547,116
4,27,0,27548,76
6,9,0,27548,61
14,23,0,27548,146
13,23,0,27548,73
11,3,0,27548,260
18,21,0,27548,57
13,23,0,27549,75
13,23,0,27549,63
1,25,0,27550,362
4,12,0,27550,114
11,3,0,27550,196
13,23,0,27550,71
9,3,0,27551,339
13,23,0,27551,60
13,23,0,27552,68
4,14,0,27553,142
9,3,0,27553,312
9,3,0,27553,375
14,23,0,27553,138
13,23,0,27553,59
13,23,0,27553,61
0,25,0,27554,310
9,12,0,27554,73
22,27,0,27554,322
14,23,0,27554,135
8,25,0,27555,306
0,25,0,27555,369
4,20,0,27555,309
9,3,0,27556,344
13,23,0,27556,57
13,23,0,27556,67
9,3,0,27557,361
14,23,0,27557,123
8,18,0,27558,334
13,23,0,27558,54
13,23,0,27558,67
2,18,0,27558,307
13,23,0,27559,58
13,23,0,27559,53
9,27,0,27559,90
14,23,0,27559,140
4,20,0,27559,325
8,18,0,27560,300
8,18,0,27560,295
4,21,0,27560,285
8,11,0,27561,336
9,12,0,27562,329
14,18,0,27562,137
8,11,0,27562,318
8,18,0,27562,295
22,27,0,27563,296
2,23,0,27563,228
8,11,0,27563,327
2,13,0,27563,211
9,12,0,27564,327
8,11,0,27564,331
27,23,0,27564,312
0,9,0,27564,382
2,18,0,27565,291
0,9,0,27565,395
12,7,0,27565,264
8,11,0,27565,322
9,12,0,27566,299
2,13,0,27566,256
8,10,0,27566,229
2,18,0,27567,290
0,9,0,27567,401
8,10,0,27567,239
8,10,0,27567,213
11,27,0,27567,480
8,11,0,27567,318
26,8,0,27567,221
25,23,0,27567,164
13,21,0,27567,121
0,25,0,27568,320
26,8,0,27568,212
22,9,0,27568,419
2,13,0,27568,187
7,10,0,27568,157
8,10,0,27568,207
8,10,0,27568,144
25,23,0,27569,169
9,27,0,27569,83
22,27,0,27570,324
8,11,0,27570,287
8,10,0,27570,188
26,8,0,27570,188
4,23,0,27570,181
7,10,0,27570,150
7,10,0,27570,155
8,14,0,27571,306
7,10,0,27571,155
26,8,0,27571,198
8,11,0,27572,299
7,10,0,27572,141
7,10,0,27572,152
26,8,0,27572,203
11,3,0,27572,156
2,13,0,27572,188
0,7,0,27572,370
26,8,0,27573,177
12,8,0,27573,192
7,10,0,27574,135
7,10,0,27574,128
11,3,0,27574,116
7,10,0,27574,148
8,27,0,27574,158
26,8,0,27575,142
7,10,0,27576,126
7,10,0,27576,120
8,27,0,27576,192
7,10,0,27576,153
2,13,0,27577,188
7,10,0,27577,112
8,27,0,27577,139
11,12,0,27578,30
7,10,0,27578,110
8,16,0,27578,301
7,10,0,27578,126
7,10,0,27579,107
11,12,0,27580,40
7,10,0,27580,111
22,3,0,27580,198
2,13,0,27580,253
7,10,0,27580,129
11,27,0,27580,284
2,13,0,27581,220
7,10,0,27581,104
18,8,0,27581,274
17,3,0,27582,341
7,10,0,27582,107
7,10,0,27582,125
11,27,0,27582,281
7,10,0,27583,107
17,8,0,27583,327
17,3,0,27583,271
7,10,0,27584,110
7,10,0,27584,118
9,24,0,27584,478
8,27,0,27584,141
8,14,0,27584,240
9,24,0,27584,465
2,13,0,27585,269
7,10,0,27585,89
11,27,0,27585,246
17,3,0,27585,230
17,8,0,27585,356
7,10,0,27586,119
25,24,0,27586,128
7,10,0,27586,99
7,10,0,27586,67
18,8,0,27586,310
9,24,0,27587,423
11,27,0,27587,266
25,3,0,27588,309
25,3,0,27588,240
0,13,0,27588,336
7,10,0,27588,117
7,10,0,27588,99
26,24,0,27588,450
17,8,0,27589,297
17,8,0,27589,343
11,27,0,27589,267
11,12,0,27589,20
0,3,0,27589,294
7,10,0,27589,102
0,13,0,27590,319
7,10,0,27590,100
7,10,0,27590,112
9,24,0,27590,435
7,10,0,27591,87
18,8,0,27591,251
7,27,0,27591,117
2,15,0,27591,307
0,13,0,27592,335
7,10,0,27592,114
7,10,0,27592,97
2,13,0,27592,209
7,10,0,27592,102
18,21,0,27592,92
18,21,0,27592,95
7,27,0,27592,147
9,24,0,27593,411
14,21,0,27593,325
7,10,0,27593,82
17,8,0,27593,274
25,24,0,27594,123
22,1,0,27594,239
18,1,0,27594,301
4,15,0,27594,210
7,10,0,27594,89
14,21,0,27594,370
22,15,0,27595,212
7,10,0,27595,80
7,10,0,27595,75
17,21,0,27595,184
0,13,0,27595,390
7,10,0,27595,104
18,21,0,27595,93
0,5,0,27596,327
4,15,0,27596,192
17,8,0,27596,279
25,24,0,27596,106
22,1,0,27596,281
22,1,0,27596,238
8,10,0,27596,157
4,15,0,27597,194
8,10,0,27597,151
18,8,0,27597,280
14,21,0,27597,339
25,13,0,27597,170
7,10,0,27597,103
22,1,0,27597,229
17,21,0,27597,168
17,20,0,27597,124
17,8,0,27598,321
7,27,0,27598,110
4,15,0,27598,207
22,1,0,27598,245
27,25,0,27599,110
4,15,0,27599,216
7,10,0,27599,86
17,20,0,27599,136
0,13,0,27599,359
7,10,0,27599,96
17,8,0,27599,308
18,1,0,27599,319
17,21,0,27599,220
7,27,0,27599,115
18,1,0,27600,307
17,21,0,27600,186
4,15,0,27600,222
4,15,0,27600,186
7,10,0,27600,86
4,15,0,27601,198
18,8,0,27601,310
7,27,0,27601,88
7,10,0,27601,78
8,10,0,27601,134
17,8,0,27601,302
14,21,0,27601,324
18,8,0,27602,202
18,1,0,27602,317
18,1,0,27602,355
4,15,0,27603,190
8,10,0,27603,143
12,8,0,27603,135
17,21,0,27603,163
2,13,0,27603,270
8,10,0,27603,178
18,1,0,27603,270
14,21,0,27603,313
4,15,0,27604,197
2,24,0,27604,217
27,8,0,27604,214
18,1,0,27604,255
7,27,0,27604,98
4,15,0,27605,155
8,10,0,27605,205
17,21,0,27605,116
14,4,0,27605,182
2,13,0,27605,170
18,1,0,27605,255
4,12,0,27606,157
14,4,0,27606,168
2,24,0,27606,218
11,1,0,27606,323
17,20,0,27606,134
8,10,0,27606,140
8,10,0,27607,180
27,8,0,27607,154
14,21,0,27607,319
18,21,0,27607,93
4,15,0,27607,182
18,1,0,27607,200
12,1,0,27607,261
2,13,0,27608,181
17,20,0,27608,127
18,21,0,27608,90
25,23,0,27609,104
4,23,0,27609,287
18,12,0,27609,291
25,23,0,27609,192
25,23,0,27609,200
8,20,0,27609,492
4,15,0,27610,124
2,24,0,27610,158
25,23,0,27610,183
8,25,0,27610,447
14,4,0,27610,158
18,21,0,27610,97
14,4,0,27611,171
2,23,0,27611,226
4,23,0,27611,318
18,21,0,27611,87
18,12,0,27611,282
25,5,0,27611,371
4,15,0,27611,120
2,23,0,27611,308
17,20,0,27611,118
26,5,0,27612,346
4,14,0,27612,134
4,23,0,27612,313
6,25,0,27612,250
4,14,0,27612,155
2,23,0,27612,244
6,26,0,27613,87
6,26,0,27613,90
2,23,0,27613,246
8,20,0,27613,518
18,12,0,27613,273
2,23,0,27613,270
18,12,0,27614,373
25,5,0,27614,334
4,15,0,27614,197
2,23,0,27614,299
2,23,0,27614,248
17,21,0,27614,112
6,26,0,27614,83
11,12,0,27614,8
4,14,0,27614,153
22,14,0,27614,420
25,23,0,27614,303
6,26,0,27615,77
14,4,0,27615,160
2,23,0,27615,237
2,23,0,27615,262
18,21,0,27615,107
0,12,0,27616,456
4,15,0,27616,186
22,13,0,27616,224
2,23,0,27616,240
2,23,0,27616,225
6,26,0,27616,58
18,14,0,27616,379
22,12,0,27617,392
2,23,0,27617,242
18,21,0,27617,90
18,21,0,27617,87
22,12,0,27618,329
4,15,0,27618,184
4,15,0,27618,142
22,14,0,27618,395
14,4,0,27618,152
2,23,0,27618,279
25,23,0,27618,308
6,26,0,27618,46
7,9,0,27618,165
10,7,0,27618,139
10,7,0,27618,139
18,21,0,27618,105
4,15,0,27619,150
14,4,0,27619,171
22,13,0,27619,203
9,24,0,27619,451
6,26,0,27620,32
18,21,0,27620,91
22,12,0,27621,382
14,4,0,27621,134
10,7,0,27621,138
25,23,0,27621,172
18,21,0,27621,98
18,21,0,27621,86
11,12,0,27621,8
22,15,0,27621,172
22,14,0,27621,434
0,14,0,27621,595
10,7,0,27621,133
10,8,0,27621,141
2,15,0,27622,355
6,26,0,27622,65
14,4,0,27622,160
10,7,0,27622,123
10,8,0,27622,127
2,23,0,27622,242
10,7,0,27623,104
18,21,0,27623,100
11,12,0,27623,9
2,15,0,27623,326
18,21,0,27623,83
6,26,0,27624,39
14,4,0,27624,128
10,7,0,27624,121
2,23,0,27624,259
14,4,0,27624,124
10,7,0,27624,118
10,8,0,27624,113
26,24,0,27624,325
2,23,0,27624,273
18,21,0,27624,95
2,15,0,27625,239
2,23,0,27625,223
22,14,0,27625,428
22,14,0,27626,258
14,4,0,27626,145
6,25,0,27626,330
10,7,0,27626,98
10,8,0,27626,99
9,24,0,27626,431
2,15,0,27627,255
18,21,0,27627,93
10,7,0,27627,61
4,23,0,27627,299
10,8,0,27628,114
11,1,0,27628,296
6,26,0,27628,20
2,15,0,27628,272
10,7,0,27628,70
10,7,0,27628,54
25,23,0,27628,124
11,24,0,27629,360
18,21,0,27629,92
18,21,0,27629,80
8,27,0,27629,132
22,13,0,27630,199
10,8,0,27630,107
10,7,0,27630,53
9,15,0,27631,193
14,4,0,27631,121
10,8,0,27631,90
18,21,0,27632,93
0,3,0,27632,321
14,4,0,27633,119
1,24,0,27633,326
14,23,0,27633,206
8,12,0,27633,197
0,3,0,27633,331
10,8,0,27633,74
4,23,0,27633,242
13,23,0,27633,128
13,23,0,27633,130
18,21,0,27633,81
14,4,0,27634,116
13,23,0,27634,119
9,27,0,27634,131
18,26,0,27635,205
1,24,0,27635,306
13,23,0,27635,113
13,23,0,27635,126
9,15,0,27635,199
22,23,0,27636,302
13,23,0,27636,123
13,23,0,27636,125
18,26,0,27637,212
7,12,0,27637,195
14,4,0,27637,111
9,15,0,27637,288
14,4,0,27637,108
22,23,0,27637,271
13,23,0,27637,108
18,21,0,27637,87
1,24,0,27638,302
13,23,0,27638,122
13,23,0,27638,121
11,5,0,27638,134
11,5,0,27638,123
14,4,0,27638,107
11,5,0,27639,128
8,27,0,27639,166
18,26,0,27639,168
11,5,0,27639,118
7,12,0,27639,185
18,9,0,27639,333
13,23,0,27639,123
13,23,0,27640,101
8,15,0,27640,374
1,24,0,27640,318
13,23,0,27640,115
11,5,0,27641,131
11,5,0,27641,112
18,21,0,27641,85
4,27,0,27641,161
18,9,0,27641,331
22,26,0,27642,436
11,5,0,27642,135
7,12,0,27642,125
11,12,0,27642,9
17,4,0,27642,200
1,24,0,27642,292
13,23,0,27642,121
13,23,0,27642,119
9,15,0,27642,216
18,23,0,27643,178
11,5,0,27643,107
11,5,0,27643,113
0,9,0,27643,448
13,23,0,27643,113
18,21,0,27643,89
8,27,0,27643,169
22,26,0,27644,460
8,12,0,27644,255
17,4,0,27644,195
1,24,0,27644,317
18,21,0,27644,89
13,23,0,27644,110
11,5,0,27645,131
0,9,0,27645,445
13,23,0,27645,100
11,5,0,27645,74
8,12,0,27645,177
1,24,0,27645,286
13,23,0,27645,110
11,5,0,27646,102
13,23,0,27646,113
11,5,0,27646,122
9,15,0,27646,279
13,23,0,27646,110
4,23,0,27647,157
4,12,0,27647,144
11,5,0,27647,91
2,9,0,27647,329
8,27,0,27647,214
4,18,0,27648,267
1,24,0,27648,314
14,21,0,27648,240
11,5,0,27648,73
9,15,0,27648,218
4,18,0,27648,240
13,23,0,27648,104
13,23,0,27648,112
14,21,0,27648,245
8,12,0,27649,170
8,11,0,27649,271
0,9,0,27649,458
1,24,0,27649,312
4,23,0,27649,154
13,23,0,27649,96
14,21,0,27649,240
4,12,0,27650,162
11,5,0,27650,79
9,15,0,27650,177
2,9,0,27650,306
13,23,0,27650,98
8,12,0,27650,270
13,23,0,27650,109
14,21,0,27650,269
2,9,0,27651,261
13,23,0,27651,96
4,25,0,27651,81
17,3,0,27651,345
17,3,0,27652,426
14,4,0,27652,120
2,9,0,27652,333
7,11,0,27652,212
1,24,0,27652,301
13,23,0,27652,109
14,23,0,27652,212
14,21,0,27652,252
4,12,0,27652,171
8,12,0,27652,171
9,15,0,27652,167
2,9,0,27652,246
13,23,0,27652,93
13,23,0,27652,104
13,23,0,27653,97
22,3,0,27653,334
0,9,0,27653,408
17,3,0,27654,273
1,24,0,27654,287
9,12,0,27654,146
14,4,0,27654,118
0,9,0,27654,409
13,23,0,27654,85
0,9,0,27655,435
8,25,0,27655,399
9,15,0,27655,170
17,3,0,27655,232
1,24,0,27655,283
4,12,0,27656,167
9,12,0,27656,152
17,3,0,27656,284
0,9,0,27656,407
13,23,0,27656,106
13,23,0,27656,93
14,4,0,27656,116
9,12,0,27657,165
17,3,0,27657,233
1,24,0,27657,273
13,23,0,27657,96
11,5,0,27657,53
14,16,0,27657,77
0,9,0,27657,410
17,3,0,27658,256
14,4,0,27658,114
13,23,0,27658,106
4,25,0,27658,101
9,27,0,27658,140
12,15,0,27659,129
11,3,0,27659,172
11,12,0,27659,13
13,23,0,27659,102
13,23,0,27659,91
8,12,0,27660,181
1,24,0,27660,264
8,25,0,27660,492
11,3,0,27660,344
13,23,0,27660,84
6,9,0,27661,122
13,23,0,27661,106
9,12,0,27661,152
11,3,0,27662,328
13,23,0,27662,95
13,23,0,27662,85
14,23,0,27663,196
0,25,0,27663,381
4,12,0,27663,155
14,16,0,27663,26
9,3,0,27663,382
9,12,0,27664,141
9,3,0,27664,335
25,24,0,27664,170
13,23,0,27664,86
14,23,0,27664,217
14,23,0,27664,178
13,23,0,27664,98
4,14,0,27664,178
4,25,0,27665,60
13,23,0,27665,82
13,23,0,27665,90
4,12,0,27665,139
9,12,0,27665,132
14,23,0,27665,195
0,25,0,27666,394
14,23,0,27666,208
4,25,0,27666,83
4,14,0,27666,165
25,13,0,27666,134
25,24,0,27666,95
9,27,0,27666,141
13,23,0,27667,87
13,23,0,27667,81
14,23,0,27668,212
0,25,0,27669,414
4,12,0,27669,133
9,12,0,27669,155
6,9,0,27669,57
13,23,0,27669,79
13,23,0,27669,88
2,13,0,27669,264
4,27,0,27670,69
14,23,0,27670,205
13,23,0,27670,62
9,27,0,27670,94
4,25,0,27670,57
14,23,0,27670,217
13,23,0,27670,85
4,12,0,27671,137
9,12,0,27671,149
13,23,0,27671,61
14,23,0,27671,189
13,23,0,27671,74
13,23,0,27671,89
8,25,0,27672,388
2,13,0,27672,301
13,23,0,27673,63
14,23,0,27673,186
13,23,0,27673,60
8,25,0,27674,361
4,14,0,27674,144
2,13,0,27674,236
9,12,0,27674,98
27,24,0,27675,196
2,13,0,27675,229
13,23,0,27675,53
13,23,0,27676,64
9,12,0,27677,405
14,23,0,27677,194
13,23,0,27677,57
14,23,0,27678,180
9,12,0,27678,408
13,23,0,27678,63
9,12,0,27679,80
2,13,0,27679,294
13,23,0,27680,56
13,23,0,27680,53
2,25,0,27680,189
9,12,0,27680,393
22,27,0,27681,305
2,13,0,27681,140
8,11,0,27681,405
9,27,0,27681,113
7,14,0,27682,213
18,27,0,27682,355
2,13,0,27682,225
18,21,0,27682,111
8,11,0,27683,390
18,21,0,27683,118
17,21,0,27683,147
17,20,0,27683,119
8,14,0,27683,185
9,27,0,27683,74
4,23,0,27684,253
18,27,0,27684,439
0,9,0,27684,426
18,21,0,27684,122
17,21,0,27684,123
4,23,0,27685,258
18,21,0,27685,122
17,20,0,27685,102
7,11,0,27685,381
2,25,0,27686,267
9,12,0,27686,401
17,27,0,27686,388
8,10,0,27686,173
17,21,0,27686,123
8,10,0,27687,266
8,10,0,27687,256
8,21,0,27687,555
0,9,0,27687,433
0,9,0,27687,410
4,23,0,27687,271
17,20,0,27687,111
2,13,0,27688,202
8,10,0,27688,143
9,8,0,27688,222
25,23,0,27688,128
9,27,0,27688,107
2,25,0,27688,189
8,10,0,27688,214
9,8,0,27688,227
7,11,0,27689,380
17,21,0,27689,120
7,10,0,27689,151
7,10,0,27689,142
17,21,0,27689,168
7,10,0,27690,142
26,8,0,27690,232
25,23,0,27690,117
17,20,0,27690,105
7,11,0,27690,341
8,12,0,27691,167
14,18,0,27691,116
7,10,0,27691,159
26,8,0,27691,226
14,21,0,27691,404
17,20,0,27691,104
7,10,0,27692,151
7,10,0,27692,156
26,8,0,27692,181
17,21,0,27692,105
7,11,0,27693,338
7,10,0,27693,155
7,10,0,27693,148
7,10,0,27694,150
8,21,0,27694,557
7,10,0,27695,155
26,8,0,27695,212
14,21,0,27695,385
8,27,0,27695,199
8,15,0,27695,310
25,24,0,27695,165
7,10,0,27696,112
14,21,0,27696,338
17,3,0,27696,412
7,10,0,27696,138
7,10,0,27696,157
26,8,0,27696,194
7,15,0,27697,267
18,21,0,27697,115
7,10,0,27697,109
7,10,0,27698,132
26,24,0,27698,346
0,5,0,27698,488
17,3,0,27698,269
7,10,0,27698,157
8,27,0,27698,192
7,10,0,27699,82
17,3,0,27700,255
7,10,0,27700,119
25,8,0,27700,371
25,24,0,27700,99
18,21,0,27700,117
12,21,0,27700,368
8,15,0,27700,197
9,24,0,27700,509
7,10,0,27701,141
7,10,0,27701,84
25,8,0,27701,510
25,3,0,27701,260
8,27,0,27701,167
8,15,0,27702,264
7,10,0,27702,137
7,10,0,27702,123
9,24,0,27702,507
7,10,0,27702,70
25,24,0,27702,171
25,3,0,27703,205
22,8,0,27703,462
9,15,0,27704,205
7,10,0,27704,122
9,24,0,27704,479
14,21,0,27704,377
8,11,0,27704,183
7,10,0,27704,133
7,10,0,27704,57
26,8,0,27704,114
11,12,0,27705,12
9,15,0,27705,211
25,3,0,27705,141
22,8,0,27705,451
18,21,0,27705,100
7,10,0,27706,137
18,8,0,27706,275
11,24,0,27706,338
2,13,0,27706,255
7,10,0,27706,104
7,10,0,27706,92
25,24,0,27706,146
22,1,0,27706,306
18,1,0,27706,224
0,3,0,27707,338
9,24,0,27707,501
7,10,0,27708,134
7,10,0,27708,79
25,8,0,27708,477
18,1,0,27708,253
18,4,0,27708,396
7,10,0,27708,66
17,1,0,27708,340
0,3,0,27709,340
18,8,0,27709,282
27,8,0,27709,204
9,24,0,27709,495
0,3,0,27709,353
18,21,0,27709,105
7,10,0,27710,128
18,1,0,27710,248
25,5,0,27710,293
7,10,0,27710,130
7,10,0,27710,72
11,24,0,27710,333
17,1,0,27710,400
2,13,0,27711,227
18,21,0,27711,91
7,10,0,27711,101
25,24,0,27711,134
7,10,0,27712,127
27,7,0,27712,254
26,8,0,27712,69
27,8,0,27712,236
17,1,0,27712,293
25,5,0,27712,288
11,12,0,27712,10
11,1,0,27712,370
7,10,0,27713,76
11,24,0,27713,329
8,27,0,27713,247
27,24,0,27713,254
7,10,0,27714,129
12,8,0,27714,196
9,1,0,27714,516
20,15,0,27714,179
7,10,0,27714,96
4,15,0,27715,237
25,24,0,27715,130
11,1,0,27715,234
18,21,0,27715,138
7,10,0,27715,110
22,8,0,27715,548
12,21,0,27715,395
4,15,0,27716,199
2,13,0,27716,233
7,10,0,27716,89
27,24,0,27716,248
17,8,0,27717,358
11,24,0,27717,239
22,15,0,27717,189
7,10,0,27717,104
8,10,0,27717,163
18,21,0,27717,116
2,13,0,27718,226
18,8,0,27718,254
4,15,0,27718,228
8,10,0,27718,192
18,8,0,27718,299
11,1,0,27718,322
14,21,0,27718,384
4,15,0,27719,180
2,24,0,27719,276
25,24,0,27719,84
18,21,0,27719,113
22,15,0,27720,186
4,15,0,27720,217
2,13,0,27720,152
18,8,0,27720,267
25,24,0,27720,60
8,27,0,27720,154
11,12,0,27720,9
4,15,0,27720,144
18,8,0,27720,245
18,21,0,27720,124
7,10,0,27721,82
8,10,0,27721,157
7,27,0,27721,168
4,15,0,27722,228
4,15,0,27722,117
2,13,0,27722,217
9,8,0,27722,204
18,8,0,27722,299
2,24,0,27722,228
18,21,0,27722,120
7,10,0,27723,75
8,10,0,27723,162
4,15,0,27723,170
2,13,0,27723,216
22,8,0,27723,396
18,21,0,27723,102
11,27,0,27723,311
4,12,0,27724,189
4,15,0,27724,232
18,8,0,27724,230
18,21,0,27724,113
18,21,0,27725,104
4,12,0,27726,156
4,15,0,27726,151
8,10,0,27726,220
8,10,0,27726,186
17,8,0,27726,295
11,27,0,27726,298
4,15,0,27726,176
2,24,0,27726,303
27,8,0,27727,140
18,21,0,27727,111
11,27,0,27727,275
18,21,0,27727,108
7,9,0,27728,106
4,15,0,27728,195
14,4,0,27728,179
14,4,0,27728,167
11,27,0,27728,266
25,23,0,27729,129
2,23,0,27729,278
18,12,0,27730,339
2,24,0,27730,180
2,23,0,27730,289
25,23,0,27730,137
4,15,0,27730,184
2,23,0,27730,267
18,21,0,27730,107
11,27,0,27731,257
2,23,0,27731,247
2,23,0,27731,301
18,12,0,27732,355
14,4,0,27732,153
9,8,0,27732,186
2,23,0,27732,285
25,23,0,27732,123
7,27,0,27732,134
4,15,0,27732,186
22,14,0,27732,369
2,23,0,27732,267
18,21,0,27732,100
6,26,0,27733,103
6,26,0,27733,93
14,4,0,27733,143
22,12,0,27733,443
12,24,0,27733,462
2,23,0,27733,274
18,12,0,27734,423
2,23,0,27734,267
2,23,0,27734,206
22,14,0,27734,482
18,14,0,27734,454
0,23,0,27734,414
18,21,0,27734,107
2,25,0,27735,149
22,12,0,27735,412
6,26,0,27735,94
4,15,0,27735,181
4,14,0,27735,158
12,24,0,27735,236
2,23,0,27735,263
4,15,0,27735,164
14,4,0,27735,142
2,23,0,27735,261
2,23,0,27735,162
18,21,0,27735,106
22,12,0,27736,472
22,14,0,27736,441
11,1,0,27736,391
25,23,0,27736,299
4,15,0,27736,156
22,14,0,27736,361
7,27,0,27736,164
2,23,0,27737,156
6,26,0,27737,67
14,4,0,27737,141
7,9,0,27737,167
9,24,0,27737,515
4,15,0,27738,172
7,9,0,27738,191
2,23,0,27738,213
7,27,0,27738,136
4,15,0,27738,185
22,14,0,27738,462
10,7,0,27738,134
2,23,0,27738,218
9,21,0,27738,510
22,12,0,27739,331
6,26,0,27739,78
12,18,0,27739,171
10,7,0,27739,132
4,20,0,27739,246
4,15,0,27739,158
22,14,0,27739,474
14,4,0,27739,147
9,1,0,27739,423
14,4,0,27740,139
12,24,0,27740,422
2,23,0,27740,317
2,21,0,27740,428
14,21,0,27740,291
6,26,0,27740,65
10,7,0,27740,116
22,8,0,27740,566
9,1,0,27740,428
25,23,0,27740,122
0,3,0,27741,325
10,7,0,27741,136
25,23,0,27741,133
22,14,0,27741,446
25,23,0,27741,90
10,7,0,27742,95
7,27,0,27742,138
14,4,0,27742,150
10,7,0,27742,132
4,15,0,27743,194
2,15,0,27743,348
22,14,0,27743,446
22,8,0,27743,569
14,21,0,27743,309
14,21,0,27743,283
22,15,0,27744,184
22,14,0,27744,357
22,14,0,27744,438
14,4,0,27744,129
10,7,0,27744,131
26,8,0,27744,178
1,24,0,27744,345
14,21,0,27744,311
22,26,0,27745,545
4,15,0,27745,151
10,7,0,27745,123
14,21,0,27745,256
2,15,0,27746,347
10,7,0,27746,88
14,21,0,27746,298
4,20,0,27746,277
1,24,0,27746,353
14,4,0,27747,144
22,13,0,27747,227
10,8,0,27747,137
0,9,0,27747,460
1,24,0,27747,339
2,15,0,27748,379
0,3,0,27748,316
10,7,0,27748,105
14,21,0,27748,294
6,26,0,27748,43
14,21,0,27748,270
27,15,0,27749,311
10,8,0,27749,104
20,13,0,27749,223
10,7,0,27749,90
10,7,0,27749,72
1,24,0,27749,352
13,21,0,27749,133
4,25,0,27750,86
14,21,0,27750,283
6,26,0,27750,35
2,15,0,27750,202
14,4,0,27750,135
1,24,0,27750,334
2,15,0,27751,322
10,7,0,27751,58
22,13,0,27751,266
10,8,0,27751,111
6,26,0,27752,23
2,15,0,27752,358
10,7,0,27752,53
14,21,0,27752,273
2,21,0,27752,255
1,24,0,27752,346
14,4,0,27753,155
10,8,0,27753,85
4,25,0,27753,104
14,23,0,27753,275
14,23,0,27753,253
13,23,0,27753,123
6,26,0,27754,23
14,4,0,27754,123
22,13,0,27754,275
1,24,0,27754,335
14,23,0,27754,261
9,15,0,27754,235
9,15,0,27754,199
14,4,0,27754,128
14,23,0,27754,233
22,26,0,27755,506
10,8,0,27755,110
13,23,0,27755,127
4,25,0,27755,86
25,3,0,27755,134
22,13,0,27755,268
8,12,0,27756,308
8,16,0,27756,349
9,15,0,27756,194
1,24,0,27756,349
14,23,0,27756,258
14,23,0,27756,249
13,23,0,27756,120
13,23,0,27756,119
0,25,0,27757,467
22,13,0,27757,268
10,8,0,27757,92
8,27,0,27757,173
11,5,0,27757,125
11,5,0,27757,150
9,15,0,27757,167
14,4,0,27757,116
13,23,0,27757,117
13,23,0,27757,114
11,5,0,27758,140
14,4,0,27758,133
1,24,0,27758,335
13,23,0,27758,116
18,9,0,27758,340
14,23,0,27758,256
0,25,0,27759,425
11,5,0,27759,133
13,23,0,27759,117
11,5,0,27759,131
22,13,0,27759,269
11,5,0,27760,125
9,15,0,27760,169
14,23,0,27760,256
8,12,0,27760,191
18,9,0,27760,314
22,13,0,27760,263
14,4,0,27761,114
13,23,0,27761,120
11,5,0,27761,107
11,5,0,27761,124
14,16,0,27761,62
18,4,0,27761,209
18,9,0,27761,258
1,24,0,27761,352
13,23,0,27761,114
0,25,0,27762,389
13,23,0,27762,117
11,5,0,27762,120
8,12,0,27762,189
11,5,0,27763,113
1,24,0,27763,327
13,23,0,27763,112
11,5,0,27763,114
11,5,0,27763,114
14,16,0,27763,53
17,3,0,27763,406
22,23,0,27763,410
0,25,0,27764,378
17,3,0,27764,462
22,9,0,27764,538
13,23,0,27764,115
17,4,0,27764,227
1,24,0,27764,340
13,23,0,27764,115
14,23,0,27764,253
11,5,0,27765,91
11,5,0,27765,79
17,3,0,27765,469
13,23,0,27765,112
4,25,0,27766,47
17,3,0,27766,323
22,23,0,27766,354
2,9,0,27766,316
8,11,0,27766,236
1,24,0,27766,329
11,5,0,27767,79
11,5,0,27767,115
14,23,0,27767,265
22,23,0,27767,334
7,12,0,27767,205
13,23,0,27767,116
11,5,0,27768,68
4,12,0,27768,164
11,5,0,27768,74
17,3,0,27768,299
18,4,0,27768,174
0,9,0,27769,465
13,23,0,27769,116
13,23,0,27769,111
14,23,0,27769,250
22,23,0,27769,233
22,3,0,27769,364
0,9,0,27769,515
1,24,0,27769,341
11,5,0,27770,64
13,23,0,27770,116
11,5,0,27770,66
8,12,0,27771,199
2,9,0,27771,316
1,24,0,27771,327
22,3,0,27771,330
13,23,0,27771,114
2,9,0,27772,319
2,9,0,27772,296
13,23,0,27772,113
18,21,0,27772,141
18,21,0,27772,100
22,3,0,27773,343
8,11,0,27773,237
13,23,0,27773,114
18,23,0,27773,210
12,21,0,27773,380
4,14,0,27773,176
11,3,0,27773,279
14,4,0,27773,120
2,9,0,27773,356
13,23,0,27773,111
4,23,0,27774,238
11,3,0,27774,262
22,23,0,27774,431
17,21,0,27774,154
0,25,0,27775,382
2,9,0,27775,314
13,23,0,27775,111
18,21,0,27775,145
17,21,0,27775,176
11,3,0,27775,218
2,9,0,27775,273
25,24,0,27775,130
13,23,0,27775,115
9,27,0,27775,167
25,9,0,27776,360
8,25,0,27776,362
2,25,0,27776,269
22,23,0,27776,390
17,21,0,27776,150
0,25,0,27777,429
11,12,0,27777,12
11,3,0,27777,252
0,9,0,27777,463
13,23,0,27777,108
13,23,0,27777,108
4,23,0,27777,213
17,21,0,27777,180
11,3,0,27777,254
0,9,0,27777,451
17,21,0,27777,160
13,23,0,27778,111
14,4,0,27778,112
7,11,0,27778,224
22,23,0,27778,306
13,23,0,27778,111
17,20,0,27778,132
9,12,0,27779,146
9,3,0,27779,388
0,9,0,27779,464
18,21,0,27779,143
4,25,0,27779,137
4,14,0,27779,159
14,23,0,27779,267
14,23,0,27779,262
18,21,0,27779,141
4,25,0,27780,72
9,3,0,27780,395
7,11,0,27780,220
13,23,0,27780,112
13,23,0,27780,112
4,23,0,27781,179
18,21,0,27781,136
0,9,0,27781,448
0,9,0,27781,459
13,23,0,27781,110
17,21,0,27781,138
0,25,0,27782,350
13,23,0,27782,108
4,23,0,27782,223
13,23,0,27782,105
8,25,0,27783,310
4,12,0,27783,119
9,3,0,27783,385
18,21,0,27783,146
9,3,0,27783,383
0,9,0,27783,445
17,21,0,27783,121
18,21,0,27783,141
4,12,0,27785,118
9,3,0,27785,381
13,23,0,27785,107
13,23,0,27785,101
13,23,0,27785,104
17,20,0,27785,118
11,12,0,27785,13
6,9,0,27785,150
17,21,0,27785,156
8,21,0,27785,537
8,25,0,27786,300
4,14,0,27786,150
6,9,0,27786,142
18,21,0,27786,134
8,25,0,27787,383
4,14,0,27787,126
9,3,0,27787,361
8,11,0,27787,272
18,21,0,27787,104
6,9,0,27788,137
13,23,0,27788,101
13,23,0,27788,102
4,27,0,27788,87
2,13,0,27788,210
13,23,0,27788,97
8,20,0,27788,609
2,25,0,27789,207
14,23,0,27789,220
13,23,0,27789,96
18,21,0,27789,117
18,21,0,27789,150
6,9,0,27789,137
7,11,0,27789,168
0,13,0,27789,486
4,12,0,27790,111
13,23,0,27790,91
13,23,0,27790,94
18,21,0,27790,129
6,9,0,27791,128
8,20,0,27791,582
7,11,0,27791,225
18,21,0,27791,126
22,25,0,27792,338
4,12,0,27792,108
13,23,0,27792,91
13,23,0,27792,95
6,9,0,27792,125
14,23,0,27793,242
14,23,0,27793,230
13,23,0,27793,91
13,23,0,27793,92
18,21,0,27793,125
8,12,0,27793,234
2,13,0,27794,209
13,23,0,27794,90
6,9,0,27794,117
13,23,0,27794,88
18,21,0,27794,93
4,14,0,27795,124
6,9,0,27795,116
18,21,0,27796,123
9,27,0,27796,169
9,12,0,27796,489
13,23,0,27796,84
22,25,0,27797,311
7,11,0,27797,220
2,13,0,27797,246
6,9,0,27797,113
14,23,0,27797,210
14,23,0,27797,220
18,21,0,27797,144
18,21,0,27797,103
9,12,0,27798,467
13,23,0,27798,85
13,23,0,27798,87
0,13,0,27798,504
7,11,0,27799,210
13,23,0,27799,82
9,27,0,27799,178
9,3,0,27799,222
18,21,0,27799,135
6,9,0,27800,119
0,13,0,27800,485
14,23,0,27800,265
13,23,0,27800,88
9,12,0,27800,178
6,9,0,27801,117
2,25,0,27801,331
7,11,0,27801,401
13,23,0,27801,88
18,21,0,27801,127
9,27,0,27801,190
9,12,0,27802,145
2,13,0,27802,283
9,12,0,27802,462
27,23,0,27802,377
6,9,0,27803,108
9,27,0,27803,177
8,11,0,27803,503
9,12,0,27804,202
17,3,0,27804,463
0,13,0,27804,450
18,21,0,27804,108
9,12,0,27805,469
9,27,0,27805,181
8,11,0,27805,497
0,13,0,27805,460
2,23,0,27805,285
2,23,0,27806,273
8,10,0,27806,247
8,10,0,27806,219
9,12,0,27807,439
18,3,0,27807,236
8,10,0,27807,250
18,21,0,27807,104
8,11,0,27807,489
9,12,0,27808,436
8,10,0,27808,240
8,10,0,27808,246
9,24,0,27808,470
9,12,0,27809,172
8,11,0,27809,401
9,24,0,27809,537
17,3,0,27809,404
9,12,0,27810,137
22,27,0,27810,453
2,23,0,27810,212
9,27,0,27810,134
8,10,0,27810,219
8,10,0,27810,260
7,10,0,27810,157
2,23,0,27810,258
8,11,0,27811,460
9,24,0,27811,542
0,3,0,27811,362
26,24,0,27811,442
18,21,0,27811,116
26,24,0,27812,388
22,25,0,27812,192
22,27,0,27812,474
8,10,0,27812,266
7,10,0,27812,148
7,10,0,27813,161
26,8,0,27813,102
0,3,0,27813,419
18,21,0,27813,99
22,27,0,27814,463
8,10,0,27814,209
25,24,0,27814,155
25,24,0,27814,143
11,12,0,27815,18
9,15,0,27815,513
7,10,0,27815,164
7,10,0,27815,121
9,27,0,27815,126
18,21,0,27815,103
0,3,0,27816,372
8,11,0,27816,261
25,24,0,27816,157
2,13,0,27816,244
7,10,0,27816,68
22,25,0,27817,199
8,16,0,27817,276
8,15,0,27817,387
0,3,0,27817,343
7,10,0,27817,166
7,10,0,27817,158
9,24,0,27817,587
11,27,0,27817,301
9,24,0,27818,513
25,5,0,27818,331
17,1,0,27818,345
2,13,0,27819,304
7,10,0,27819,161
7,10,0,27819,156
7,10,0,27819,106
17,7,0,27819,369
17,1,0,27819,431
8,25,0,27819,336
25,5,0,27819,236
9,24,0,27819,499
9,27,0,27819,101
25,24,0,27820,174
7,10,0,27820,150
7,10,0,27820,141
7,10,0,27820,94
18,1,0,27820,394
18,1,0,27820,245
7,11,0,27821,226
17,7,0,27821,375
27,8,0,27821,269
9,24,0,27821,503
0,5,0,27821,481
7,15,0,27821,288
2,13,0,27821,287
26,8,0,27821,128
9,24,0,27821,456
7,10,0,27822,87
18,21,0,27822,113
2,13,0,27822,247
7,10,0,27822,151
9,24,0,27822,447
7,27,0,27822,221
7,10,0,27823,134
11,1,0,27823,509
7,15,0,27823,193
18,21,0,27823,106
7,10,0,27824,87
9,24,0,27824,546
7,10,0,27824,141
7,10,0,27824,116
27,7,0,27824,228
17,8,0,27824,371
9,24,0,27824,533
7,27,0,27824,218
2,13,0,27825,238
7,10,0,27825,92
7,10,0,27826,136
7,10,0,27826,98
27,8,0,27826,261
22,8,0,27826,478
8,27,0,27826,226
27,7,0,27827,222
9,24,0,27827,477
4,20,0,27827,299
7,10,0,27828,94
17,8,0,27828,347
14,18,0,27828,51
2,13,0,27828,179
7,10,0,27828,132
8,27,0,27828,246
8,11,0,27829,333
9,24,0,27829,577
11,24,0,27829,323
25,21,0,27829,127
27,7,0,27829,251
14,21,0,27829,337
7,10,0,27830,125
7,10,0,27830,106
11,1,0,27830,322
22,15,0,27830,215
2,13,0,27830,209
8,10,0,27830,177
11,24,0,27830,246
14,21,0,27830,256
7,27,0,27830,212
22,15,0,27831,236
8,11,0,27831,297
14,21,0,27831,292
7,10,0,27831,116
22,8,0,27831,494
2,24,0,27831,299
9,1,0,27831,541
25,5,0,27832,311
7,10,0,27832,65
14,21,0,27832,324
7,10,0,27833,108
2,24,0,27833,253
11,1,0,27833,327
4,20,0,27833,268
27,7,0,27833,142
17,8,0,27833,330
2,13,0,27834,296
7,10,0,27834,94
8,10,0,27834,164
14,21,0,27834,302
0,5,0,27834,419
22,15,0,27834,207
4,15,0,27834,238
18,8,0,27835,242
14,21,0,27835,275
8,27,0,27835,231
8,10,0,27836,260
4,15,0,27836,233
12,18,0,27837,142
8,10,0,27837,263
14,21,0,27837,288
4,15,0,27838,222
8,10,0,27838,246
2,24,0,27838,264
12,18,0,27839,85
8,10,0,27839,198
17,8,0,27839,355
8,10,0,27840,190
25,5,0,27840,152
27,8,0,27841,167
4,15,0,27841,240
8,10,0,27841,166
18,8,0,27841,224
8,18,0,27842,429
8,10,0,27842,188
8,10,0,27843,194
17,8,0,27843,295
8,27,0,27843,262
4,15,0,27843,256
4,15,0,27844,200
14,4,0,27844,174
8,10,0,27844,147
4,15,0,27845,246
8,27,0,27845,252
4,12,0,27846,157
4,12,0,27846,159
4,15,0,27846,199
8,10,0,27846,188
4,12,0,27847,143
27,15,0,27847,197
25,13,0,27847,46
14,4,0,27848,178
11,1,0,27848,333
4,15,0,27848,165
12,24,0,27848,301
11,24,0,27849,289
18,12,0,27849,571
4,15,0,27849,227
26,24,0,27849,361
2,23,0,27849,292
2,23,0,27849,303
0,23,0,27849,494
2,23,0,27849,304
22,12,0,27850,430
12,1,0,27850,335
2,23,0,27850,248
4,15,0,27850,155
4,15,0,27850,152
14,4,0,27850,161
25,23,0,27851,317
2,23,0,27851,289
2,23,0,27851,425
0,23,0,27852,542
4,15,0,27852,171
11,1,0,27852,349
2,23,0,27852,341
22,12,0,27853,538
6,26,0,27853,100
14,4,0,27853,179
25,23,0,27853,359
22,14,0,27854,537
0,23,0,27854,506
2,23,0,27854,429
22,14,0,27854,442
25,23,0,27854,158
22,12,0,27855,518
6,26,0,27855,81
4,15,0,27855,165
14,4,0,27855,176
4,15,0,27855,196
2,23,0,27855,325
2,23,0,27855,308
0,23,0,27855,498
0,23,0,27855,421
2,25,0,27856,221
6,26,0,27856,63
20,13,0,27856,257
2,23,0,27856,255
4,15,0,27857,152
1,24,0,27857,422
8,23,0,27857,552
6,26,0,27857,55
4,15,0,27857,172
22,13,0,27857,239
9,8,0,27857,171
22,14,0,27858,476
22,14,0,27858,429
10,7,0,27858,145
8,23,0,27858,582
4,15,0,27858,138
14,4,0,27858,174
1,24,0,27858,407
14,4,0,27859,166
22,13,0,27859,333
25,23,0,27859,93
2,23,0,27859,292
6,26,0,27859,47
10,7,0,27859,141
25,23,0,27859,111
22,14,0,27860,425
14,4,0,27860,143
25,23,0,27860,65
2,15,0,27860,364
10,8,0,27860,183
8,20,0,27860,686
4,25,0,27861,67
4,15,0,27861,158
0,3,0,27861,402
10,7,0,27861,141
6,26,0,27861,40
22,14,0,27861,525
2,15,0,27862,282
10,7,0,27862,122
8,20,0,27862,658
22,15,0,27862,199
0,3,0,27862,383
14,4,0,27862,141
10,7,0,27862,103
1,24,0,27862,417
18,21,0,27862,123
14,4,0,27863,140
22,13,0,27863,343
22,8,0,27863,673
6,26,0,27863,40
22,14,0,27863,523
10,7,0,27863,104
10,7,0,27863,102
26,8,0,27863,254
8,20,0,27863,635
2,15,0,27864,291
2,15,0,27864,382
18,21,0,27864,126
2,25,0,27864,215
6,26,0,27865,34
1,24,0,27865,402
10,7,0,27865,127
17,20,0,27865,180
2,15,0,27866,360
18,21,0,27866,134
19,13,0,27866,305
10,7,0,27866,111
12,21,0,27866,423
8,20,0,27866,639
2,15,0,27867,295
22,8,0,27867,638
2,25,0,27867,232
14,4,0,27867,133
18,9,0,27867,294
1,24,0,27867,399
17,21,0,27867,183
2,15,0,27868,319
10,7,0,27868,93
10,7,0,27868,94
26,8,0,27868,252
17,21,0,27868,181
14,4,0,27869,141
1,24,0,27869,416
17,20,0,27869,141
2,15,0,27869,273
10,7,0,27870,107
18,21,0,27870,111
17,20,0,27870,158
7,15,0,27870,277
22,15,0,27870,142
14,4,0,27870,134
10,7,0,27871,86
22,8,0,27871,636
1,24,0,27871,394
6,26,0,27872,21
9,15,0,27872,244
17,21,0,27872,173
18,21,0,27872,119
4,25,0,27872,44
14,4,0,27872,131
10,7,0,27872,96
26,8,0,27872,216
10,7,0,27873,86
14,23,0,27873,265
13,23,0,27873,158
9,12,0,27873,185
9,15,0,27873,219
1,24,0,27873,418
22,26,0,27874,550
14,4,0,27874,124
22,13,0,27874,304
10,7,0,27874,86
26,8,0,27874,203
13,23,0,27874,156
17,21,0,27874,128
17,21,0,27874,139
10,7,0,27874,85
0,25,0,27875,470
1,24,0,27875,404
14,23,0,27875,322
9,12,0,27875,154
25,3,0,27875,249
14,23,0,27875,287
18,21,0,27875,127
17,21,0,27875,141
9,15,0,27876,163
17,3,0,27876,287
6,26,0,27876,21
14,23,0,27876,277
13,23,0,27876,157
0,25,0,27877,542
9,15,0,27877,220
14,4,0,27877,107
0,9,0,27877,504
1,24,0,27877,402
14,23,0,27877,316
18,21,0,27877,115
17,20,0,27877,140
11,5,0,27877,153
9,12,0,27877,187
17,3,0,27877,480
26,8,0,27877,211
13,23,0,27877,157
13,23,0,27877,156
18,21,0,27877,126
8,27,0,27877,248
11,5,0,27878,150
18,3,0,27878,459
27,9,0,27878,149
14,23,0,27878,269
0,9,0,27878,481
14,23,0,27878,325
0,25,0,27879,509
11,5,0,27879,150
9,12,0,27879,183
25,3,0,27879,265
13,23,0,27879,157
9,15,0,27879,214
18,4,0,27879,149
1,24,0,27879,406
13,23,0,27879,149
18,21,0,27879,120
11,5,0,27880,141
0,9,0,27880,502
0,25,0,27880,463
11,5,0,27880,133
22,3,0,27880,235
13,23,0,27880,147
8,12,0,27881,278
14,23,0,27881,286
13,23,0,27881,156
11,5,0,27881,135
9,15,0,27881,575
18,3,0,27881,455
2,9,0,27881,353
13,23,0,27881,150
13,23,0,27881,151
18,21,0,27881,108
14,23,0,27882,262
11,5,0,27882,111
9,3,0,27882,321
0,9,0,27882,502
1,24,0,27882,403
11,5,0,27883,123
11,5,0,27883,134
13,23,0,27883,156
18,21,0,27883,113
0,25,0,27883,474
17,3,0,27883,544
13,23,0,27883,149
14,15,0,27884,102
0,9,0,27884,486
18,21,0,27884,102
6,26,0,27884,21
11,5,0,27884,111
11,5,0,27884,109
2,9,0,27884,300
11,5,0,27885,107
9,3,0,27885,319
14,16,0,27885,54
2,9,0,27885,275
14,23,0,27885,305
13,23,0,27885,148
14,15,0,27886,103
0,9,0,27886,455
13,23,0,27886,149
11,5,0,27886,99
9,3,0,27886,337
0,9,0,27886,592
0,25,0,27887,447
11,5,0,27887,98
11,5,0,27887,106
9,3,0,27887,347
25,24,0,27887,85
11,12,0,27887,11
14,15,0,27887,95
22,9,0,27887,466
13,23,0,27888,147
18,21,0,27888,116
11,5,0,27888,87
14,15,0,27888,67
11,3,0,27888,223
6,26,0,27889,21
11,5,0,27889,98
13,23,0,27889,139
18,21,0,27889,81
11,3,0,27890,249
0,9,0,27890,469
11,3,0,27890,205
13,23,0,27890,152
11,5,0,27891,71
11,5,0,27891,74
22,9,0,27891,531
0,9,0,27891,462
11,5,0,27892,64
11,5,0,27892,81
11,3,0,27892,282
14,23,0,27892,270
13,23,0,27892,138
13,23,0,27892,138
18,21,0,27892,74
4,12,0,27892,135
4,14,0,27892,178
13,23,0,27893,136
11,3,0,27893,204
22,9,0,27893,471
7,11,0,27893,284
13,23,0,27893,133
25,9,0,27894,302
4,14,0,27894,169
8,25,0,27895,383
14,23,0,27895,307
6,9,0,27895,171
13,23,0,27895,127
17,20,0,27895,146
18,21,0,27896,135
13,23,0,27896,117
13,23,0,27896,128
8,25,0,27897,441
14,16,0,27897,23
4,14,0,27897,150
6,9,0,27897,144
14,23,0,27897,287
6,9,0,27897,125
8,11,0,27897,309
22,23,0,27897,376
13,23,0,27897,113
13,23,0,27897,125
18,21,0,27897,131
17,20,0,27897,172
9,3,0,27898,424
14,4,0,27898,113
18,21,0,27898,87
8,11,0,27899,313
13,23,0,27899,136
6,9,0,27899,139
22,23,0,27899,330
18,21,0,27899,97
17,20,0,27899,164
8,12,0,27900,315
9,3,0,27900,370
8,25,0,27900,358
4,14,0,27900,138
6,9,0,27900,121
13,23,0,27900,125
7,11,0,27901,289
9,3,0,27901,379
6,9,0,27901,91
13,23,0,27901,110
13,23,0,27901,124
22,23,0,27901,431
14,23,0,27902,318
18,21,0,27902,102
4,14,0,27902,137
6,9,0,27903,68
8,12,0,27903,251
8,11,0,27904,366
22,23,0,27904,302
13,23,0,27904,123
6,9,0,27904,56
18,21,0,27904,118
18,21,0,27904,92
8,11,0,27905,311
22,23,0,27905,399
13,23,0,27905,110
22,23,0,27905,280
8,12,0,27906,313
13,23,0,27906,114
18,21,0,27906,82
4,12,0,27906,112
4,14,0,27906,141
2,13,0,27906,380
13,23,0,27906,120
18,21,0,27906,95
2,25,0,27907,311
7,11,0,27907,272
13,23,0,27907,119
7,12,0,27908,276
22,23,0,27908,340
13,23,0,27908,110
22,23,0,27908,310
18,21,0,27908,88
8,11,0,27908,312
4,12,0,27909,103
4,14,0,27909,134
22,23,0,27909,281
13,23,0,27909,106
8,11,0,27910,385
13,23,0,27910,106
18,21,0,27910,69
4,14,0,27910,133
14,23,0,27910,287
13,23,0,27910,119
18,21,0,27910,78
8,11,0,27911,312
2,13,0,27911,328
22,23,0,27911,277
13,23,0,27912,107
13,23,0,27912,116
18,21,0,27912,67
18,21,0,27912,78
8,11,0,27913,348
18,23,0,27913,281
2,13,0,27914,401
13,23,0,27914,108
18,27,0,27914,452
13,23,0,27914,99
4,23,0,27915,288
4,23,0,27915,236
13,23,0,27915,102
17,3,0,27916,267
17,27,0,27916,506
2,13,0,27916,272
8,12,0,27916,655
8,11,0,27916,321
13,23,0,27916,97
18,21,0,27916,72
2,13,0,27917,272
13,23,0,27917,97
4,23,0,27917,221
13,23,0,27917,94
8,27,0,27917,282
4,23,0,27918,292
25,21,0,27918,325
9,18,0,27918,324
22,27,0,27918,566
14,23,0,27918,283
8,12,0,27919,663
4,14,0,27919,107
17,3,0,27919,537
2,13,0,27919,512
13,23,0,27919,93
13,23,0,27919,98
14,23,0,27919,271
8,27,0,27919,282
18,27,0,27920,519
9,24,0,27920,531
13,23,0,27920,85
8,12,0,27921,662
14,18,0,27921,57
22,3,0,27921,429
0,13,0,27921,563
18,27,0,27922,452
8,11,0,27922,600
9,24,0,27922,540
22,25,0,27922,260
8,12,0,27923,645
18,27,0,27923,287
0,13,0,27923,537
27,23,0,27923,342
25,3,0,27923,203
26,24,0,27923,399
8,14,0,27924,326
8,11,0,27924,575
8,12,0,27924,596
27,7,0,27924,133
9,24,0,27924,571
18,27,0,27925,515
9,24,0,27925,526
14,21,0,27925,331
8,12,0,27925,265
8,11,0,27925,560
0,13,0,27925,499
0,3,0,27926,437
18,27,0,27926,362
25,23,0,27926,126
0,13,0,27926,472
8,10,0,27926,212
8,10,0,27926,236
14,21,0,27926,306
7,27,0,27926,236
8,10,0,27927,254
9,24,0,27927,530
9,24,0,27927,539
14,21,0,27927,331
26,5,0,27927,22
8,14,0,27927,333
0,3,0,27927,417
18,27,0,27927,442
25,23,0,27927,90
8,11,0,27928,569
0,13,0,27928,455
8,10,0,27928,183
26,8,0,27928,130
25,23,0,27928,122
14,21,0,27928,353
8,10,0,27928,184
14,21,0,27928,311
7,27,0,27928,228
22,27,0,27929,451
9,24,0,27929,476
9,24,0,27929,504
14,20,0,27929,347
8,10,0,27929,226
7,11,0,27930,483
2,13,0,27930,506
7,10,0,27930,187
7,10,0,27930,159
17,1,0,27930,363
2,23,0,27930,251
14,21,0,27930,372
8,10,0,27931,209
26,8,0,27931,103
9,24,0,27931,512
18,1,0,27931,424
8,16,0,27931,293
9,24,0,27931,512
8,25,0,27932,403
7,11,0,27932,475
0,13,0,27932,476
7,10,0,27932,156
26,8,0,27932,135
18,1,0,27932,336
18,1,0,27932,377
7,27,0,27932,283
7,10,0,27932,170
9,24,0,27932,365
8,14,0,27933,321
22,27,0,27933,495
0,13,0,27933,457
8,10,0,27933,204
7,10,0,27933,148
12,8,0,27934,167
18,1,0,27934,331
18,1,0,27934,337
7,10,0,27934,166
7,10,0,27934,173
11,24,0,27934,309
0,13,0,27935,472
7,10,0,27935,147
7,15,0,27935,326
18,1,0,27935,246
8,11,0,27936,336
7,11,0,27936,250
12,8,0,27936,134
9,24,0,27936,541
7,10,0,27936,163
7,10,0,27936,171
7,10,0,27937,137
18,1,0,27937,324
8,25,0,27937,365
2,24,0,27937,307
18,1,0,27937,259
8,11,0,27938,299
8,11,0,27938,295
25,13,0,27938,152
7,10,0,27938,161
7,10,0,27938,128
8,16,0,27939,316
8,11,0,27939,284
7,10,0,27939,165
22,1,0,27939,377
18,1,0,27939,236
0,13,0,27940,488
7,10,0,27940,131
0,13,0,27940,462
7,10,0,27940,164
2,24,0,27940,421
8,11,0,27941,350
26,8,0,27941,88
18,1,0,27941,273
7,10,0,27941,162
11,12,0,27942,38
2,13,0,27942,257
7,10,0,27942,121
18,1,0,27942,292
7,10,0,27942,155
2,24,0,27942,303
9,27,0,27942,203
0,5,0,27943,516
8,14,0,27943,292
17,7,0,27943,375
26,8,0,27943,99
9,1,0,27943,556
2,13,0,27943,226
7,10,0,27943,160
7,10,0,27943,116
12,1,0,27943,381
8,11,0,27944,316
17,8,0,27944,315
2,24,0,27944,247
9,24,0,27944,528
27,7,0,27944,215
9,1,0,27944,357
2,13,0,27945,241
7,10,0,27945,157
9,1,0,27945,557
27,14,0,27945,445
7,10,0,27945,150
7,10,0,27945,146
17,8,0,27945,341
25,24,0,27945,128
2,13,0,27946,261
11,1,0,27946,289
2,24,0,27946,233
11,12,0,27947,26
7,10,0,27947,156
7,10,0,27947,150
7,10,0,27947,81
17,8,0,27947,361
9,27,0,27947,189
25,24,0,27947,118
9,1,0,27947,375
25,5,0,27948,314
17,8,0,27948,312
2,24,0,27948,369
7,10,0,27948,74
7,10,0,27949,155
7,10,0,27949,153
25,24,0,27949,75
18,8,0,27949,305
2,24,0,27949,253
2,13,0,27950,263
18,8,0,27950,253
2,24,0,27950,303
9,14,0,27950,202
7,10,0,27950,104
0,5,0,27951,494
7,10,0,27951,157
11,12,0,27951,16
7,10,0,27951,129
18,8,0,27951,229
2,24,0,27951,324
7,10,0,27952,82
17,20,0,27952,207
7,10,0,27952,154
18,21,0,27952,98
18,21,0,27952,94
9,27,0,27952,199
17,8,0,27953,321
25,5,0,27953,245
7,10,0,27953,122
7,10,0,27954,76
22,8,0,27954,573
12,21,0,27954,467
17,20,0,27954,193
25,5,0,27954,267
4,15,0,27954,193
22,15,0,27954,204
7,10,0,27954,146
27,8,0,27954,131
2,24,0,27954,294
9,27,0,27954,161
18,21,0,27955,87
4,15,0,27955,197
7,10,0,27955,110
17,8,0,27955,299
9,21,0,27955,662
8,10,0,27956,211
7,10,0,27956,123
7,10,0,27957,133
18,21,0,27957,89
4,15,0,27957,197
17,4,0,27957,620
18,8,0,27957,297
26,8,0,27958,67
17,20,0,27958,196
9,27,0,27958,145
7,10,0,27958,123
7,10,0,27958,107
9,21,0,27958,529
2,25,0,27959,171
8,18,0,27959,390
4,16,0,27959,164
17,4,0,27959,624
17,21,0,27959,204
8,20,0,27959,603
11,27,0,27959,308
4,15,0,27960,160
4,15,0,27960,172
7,10,0,27960,123
7,10,0,27960,96
18,8,0,27960,220
9,24,0,27960,387
4,15,0,27960,178
9,21,0,27960,682
4,15,0,27961,117
8,10,0,27961,169
11,24,0,27961,348
4,15,0,27962,187
4,15,0,27962,191
17,8,0,27962,307
9,8,0,27962,267
17,20,0,27962,160
7,10,0,27962,111
2,25,0,27963,236
4,15,0,27963,134
27,14,0,27963,826
9,8,0,27963,221
9,24,0,27963,499
12,24,0,27963,291
17,21,0,27963,162
11,1,0,27963,348
11,12,0,27964,9
8,14,0,27964,611
8,10,0,27964,226
12,21,0,27964,544
4,15,0,27964,158
4,15,0,27965,107
17,21,0,27965,156
7,10,0,27965,91
9,8,0,27965,214
17,21,0,27965,185
8,27,0,27965,256
4,12,0,27966,152
4,12,0,27966,146
4,15,0,27966,167
4,15,0,27966,134
8,10,0,27966,209
8,20,0,27966,704
9,8,0,27967,212
17,21,0,27967,138
17,21,0,27967,157
11,12,0,27967,8
4,15,0,27967,130
4,15,0,27967,154
12,21,0,27967,468
7,27,0,27967,308
4,12,0,27968,145
1,24,0,27968,495
17,20,0,27968,192
14,4,0,27968,169
8,21,0,27969,715
20,15,0,27969,160
0,3,0,27969,404
2,23,0,27969,316
2,23,0,27969,346
2,23,0,27969,317
2,23,0,27969,401
17,20,0,27969,184
4,12,0,27970,143
18,12,0,27970,603
2,23,0,27970,270
1,24,0,27970,477
2,23,0,27970,259
18,21,0,27970,89
17,21,0,27970,133
14,4,0,27971,160
14,4,0,27971,129
0,23,0,27971,590
7,27,0,27971,319
18,12,0,27971,460
0,12,0,27971,688
2,23,0,27971,252
22,15,0,27972,174
2,23,0,27972,347
2,23,0,27972,354
17,20,0,27972,167
4,14,0,27972,150
14,4,0,27972,170
18,21,0,27972,86
18,12,0,27973,248
7,9,0,27973,126
22,12,0,27973,505
22,12,0,27973,541
2,15,0,27973,345
1,24,0,27973,493
2,23,0,27973,459
2,23,0,27973,214
2,23,0,27973,244
6,26,0,27974,84
14,4,0,27974,173
2,15,0,27974,351
22,14,0,27974,631
4,14,0,27974,154
2,23,0,27974,563
25,23,0,27974,59
6,25,0,27975,295
22,12,0,27975,454
2,15,0,27975,276
2,23,0,27975,312
18,21,0,27975,96
1,24,0,27976,482
25,23,0,27976,138
7,27,0,27976,308
6,25,0,27976,238
1,25,0,27976,505
6,26,0,27976,88
22,14,0,27976,530
22,13,0,27976,400
1,24,0,27976,487
18,21,0,27977,89
18,12,0,27977,468
14,4,0,27977,134
25,23,0,27977,141
25,23,0,27977,143
18,21,0,27977,76
7,27,0,27977,270
0,25,0,27978,543
7,9,0,27978,153
1,24,0,27978,474
22,14,0,27978,628
10,7,0,27978,161
18,21,0,27978,91
6,26,0,27979,79
14,4,0,27979,141
10,7,0,27979,185
11,12,0,27979,8
1,24,0,27979,481
14,4,0,27980,138
8,27,0,27980,308
2,15,0,27980,309
0,25,0,27981,494
0,3,0,27981,380
10,7,0,27981,171
10,7,0,27981,177
18,21,0,27981,87
2,15,0,27981,266
22,14,0,27981,504
14,4,0,27981,147
25,8,0,27981,557
22,13,0,27982,236
10,7,0,27982,128
6,26,0,27982,29
2,15,0,27982,258
22,14,0,27982,568
10,7,0,27982,130
26,8,0,27982,294
1,24,0,27982,475
18,21,0,27982,65
2,14,0,27983,483
14,4,0,27983,130
1,24,0,27984,479
6,26,0,27984,77
11,12,0,27984,8
2,15,0,27984,256
22,13,0,27984,325
10,7,0,27984,122
10,7,0,27984,127
10,8,0,27984,243
1,24,0,27984,463
0,25,0,27985,494
8,16,0,27985,342
14,4,0,27985,129
8,27,0,27985,273
trip_data_format_1_1_end
