## Author Victor
## Created Date mar 16. mar 12:31:06 2010
## Modified Date lun 5. abr 16:13:00 2010
## Modified By Victor
## Network C:\Users\Victor\Documents\CI69F - Trabajo de Titulo\Paramics\Escenario 2 PM 2011
## Notes 
demand period 1
matrix count 1
divisor 1.0000

matrix 1
from   1    0    0    0  249    0   79    0    7    1  536    0    0   35  184   15    1    4    0    1    0    0    0    0   79    0  286    0    0  ## 1477
from   2    0    0    0    0    0    0    0    0    0    0    0    0    0    2    0    0    0    0    0    0    0    0    0    0  589    2    0    0  ## 593
from   3    0    0    0    0    0    0    0    0    1  178    0    0   13  514    3  220    8    0   29    0    3    4    0  558  221  107    0    0  ## 1859
from   4    0    0    0    0    0    0    0    0    0    0    0    0    0    0    0    0    0    0    0    0    0    0    0    0    0    0    0    0  ## 0
from   5    0    0    0    0    0    0    0    0    0    2    0    0  187    0  138  669   10    0   41    0   53   32    0  154    5  111    0   60  ## 1462
from   6    0    0    0    0    0    0    0    0    0    0    0    0    0    0    0    0    0    0    0    0    0    0    0    0    0    0    0    0  ## 0
from   7    0    0    0    0    0    0    0    0    0  190    0    0    0    0    0    0    0    0    0    0    0    0    0    0    2   68  297    0  ## 557
from   8    0    0    0    0    0    0    0    0    0   57 1287  204  107    0   33   77    2    0    2    0    1    0    0    0    0    0    0  229  ## 1999
from   9    0    0    0    0    0    0    0    0    0   21  429  388  177    0   76   84   57    0   55    0  113  111    0   18    7  200    0  421  ## 2157
from  10    0   76    0  188    0    0    0    0   75    0    8    5  300    0   18  233    0    0   15    0    0   79    0    0  328    2    0  298  ## 1625
from  11    0    0    0    0    0    0    0  409  182    0    0    0    0    0    0    0    0    0    0    0    0    0    0    0    0    0    0    0  ## 591
from  12    0  135    0  106    0  518    0    0    2    6    0    0  174    0    0    0    0    0    0    0    0    4    0    0   90    9    0  109  ## 1153
from  13    0   26    0    1    0    2    0    6   52    0    0    0    0    0    0   11    2    0   11    0    0   61    0    2   35    0    0    0  ## 209
from  14    0    0    0    0    0    0    0    0    0    0    0    0    0    0    0    0    0    0    0    0    7   10    0 1942    0    0    0    0  ## 1959
from  15    0    0    0    0  657    0    0    0    0    0    0    0    0    0    0   46  137    0   25    0   14  464    0  666    0    0    0    0  ## 2009
from  16    0    0    0    0    0    0    0    0    0    0    0    0    0    0    0    0    0    0    0    0    0    0    0    0    0    0    0    0  ## 0
from  17    0    0    0    0    0    0    0    0    0    0    0    0    0    0    0    0    0    0    0    0    0    0    0    0    0    0    0    0  ## 0
from  18    0   68    0  427   89    2    0   14  188    0    0    0    0    0    0    0    0    0    0    0  209  319    0    8    0    0    1   58  ## 1383
from  19    0  152    0   78   41    0    0    4  160   97    0    0  127    6   12    0    0    0    0    0    3 1061    0   31    0    0   32   97  ## 1901
from  20    0    0    0    0    0    0    0    0    0    0    0    0    0    4    0    0    0    0    0    0    0    0    0    0    0    0    0    0  ## 4
from  21    0    0    0    0    0    0    0    0    0    0    0    0    0   16    0    4    0    0    0    0    0    0    0    0    0    0    0    0  ## 20
from  22    0    0    0    0    0    0    0    0    0    0    0    0    0    0    0    0    0    0    0    0    0    0    0    0    0    0    0    0  ## 0
from  23    0   59    0   74    4    0    0    0  123   49    0    0  120  285  336   88    0    0    0    0    0    0    0  122    0  124   24  114  ## 1522
from  24    0    0    0    0    0    0    0    0    0    0    0    0    0    0    0    0    0    0    0    0    0    0    0    0    0    0    0    0  ## 0
from  25    0    0    0    0    0    0    0    0    0    0    0    0    0    0    0    0    0    0    0    0    0    0    0    0    0    0    0    0  ## 0
from  26    0   42    0   45    0  142    0    0   59   40    0    0    0   16    0    0    0    0    0    0    0    6    0  338  201    0    0    0  ## 889
from  27    0    0    0    0    0   16    0    0  218    3    0    0    0    0    0    0    0    0    0    0    0    0    0    0  135    0    0    0  ## 372
from  28    0    0    0    4    0    0    0   55  117   17    0    0    0    0   17   15    0    0    1    0    0    9    0   32   18    5    0    0  ## 290

## total    0  558    0 1172  791  759    0  495 1178 1196 1724  597 1240 1027  648 1448  220    0  180    0  403 2160    0 3950 1631  914  354 1386  ## 24031


