link_data_format_1_2
2:9,0,709,4,44.3,8.5
2:9,14,29,0,24.1,0.3
3:2,0,905,23,50.9,4.4
3:2,14,96,0,21.8,4.3
4:3,0,928,16,36.1,4.1
4:3,14,96,0,9.8,1.9
4:2,14,21,0,42.2,19.9
5:6,0,409,14,63.3,19.2
5:6,14,26,0,53.3,36.0
6:4,0,928,15,33.9,4.5
6:4,14,117,0,14.2,0.4
6:10,0,630,4,10.7,0.4
6:10,14,126,1,16.1,2.1
7:10,0,436,24,95.8,9.6
7:10,14,62,0,11.9,1.3
7:47,0,481,0,15.0,0.0
7:8,0,772,44,47.5,3.6
7:8,14,114,9,67.1,12.5
7:8,15,2,0,83.0,5.0
8:45,0,335,0,6.0,0.0
8:7,0,330,49,197.5,13.3
8:7,14,62,0,44.6,7.9
8:123,0,942,12,18.6,2.4
8:123,14,112,2,18.1,5.6
8:123,15,2,0,15.0,0.0
9:84,0,662,4,8.9,0.0
9:84,14,29,0,13.2,0.0
9:11,0,649,3,19.9,0.6
9:11,14,127,0,17.7,1.2
11:4,0,16,0,102.5,86.3
11:6,0,633,0,18.4,3.9
11:6,14,127,0,31.3,11.0
15:16,0,654,0,5.9,0.3
16:36,0,915,0,6.4,0.2
16:36,14,14,0,10.0,2.2
17:37,0,1222,19,76.1,7.8
17:16,0,261,0,9.0,2.7
17:16,14,14,0,26.3,16.6
18:19,0,397,8,58.1,15.1
18:17,0,948,42,106.3,8.0
18:17,14,14,1,48.3,9.7
19:134,0,1910,59,44.0,1.2
19:134,14,15,0,43.7,3.5
20:18,0,600,26,55.1,8.6
20:18,14,6,1,161.3,27.5
20:130,0,3348,18,23.0,1.3
20:87,0,1067,3,11.9,0.9
21:20,0,1784,4,19.9,2.5
21:20,14,7,0,57.9,24.1
23:22,0,1672,22,34.6,3.0
23:22,14,7,0,27.1,0.1
23:77,0,609,1,13.3,0.1
23:77,14,132,0,19.8,2.4
24:89,0,408,46,36.6,7.8
24:32,0,911,1,5.6,1.9
24:32,14,14,0,10.1,5.9
25:142,0,104,1,13.8,0.0
25:64,0,260,0,9.4,2.6
25:24,0,454,13,11.7,3.3
26:14,0,1198,47,77.1,5.8
26:28,0,630,0,2.8,0.0
28:26,0,1218,0,7.1,0.8
28:29,0,630,0,3.6,0.0
29:28,0,1218,0,7.3,0.5
29:30,0,630,0,4.6,0.0
30:29,0,1218,0,7.6,0.3
30:27,0,629,1,7.3,0.0
27:6,0,121,17,78.6,25.8
27:6,14,29,5,68.1,28.2
27:30,0,1218,0,10.1,0.2
27:62,0,629,0,3.9,0.0
31:32,0,556,0,26.3,2.1
31:89,0,1429,20,23.0,4.1
32:25,0,59,0,5.9,0.0
32:65,0,1406,2,3.1,0.0
32:65,14,14,0,3.3,0.1
33:80,0,104,0,6.9,0.0
33:57,0,822,11,24.2,1.3
33:57,14,15,0,15.1,0.7
33:142,0,735,2,5.2,0.0
34:35,0,260,0,33.2,9.1
36:24,0,912,3,38.2,6.9
36:24,14,14,0,39.2,31.1
38:75,0,750,0,42.2,3.9
38:75,14,88,0,51.2,20.6
38:39,0,260,28,204.4,22.2
39:23,0,838,21,80.2,4.7
39:23,14,139,1,35.2,10.5
40:5,0,406,46,105.9,14.2
40:5,14,26,0,30.0,3.6
40:43,0,349,0,7.9,0.0
41:73,0,104,0,55.9,8.7
41:53,0,1510,95,73.1,2.2
41:53,14,29,2,109.6,8.2
41:53,15,2,1,72.5,2.5
41:123,0,383,9,32.2,7.0
41:123,14,62,0,11.7,0.8
41:83,0,712,0,17.9,0.1
41:83,14,8,0,16.9,0.0
41:83,15,2,0,16.5,0.0
41:86,0,719,0,8.3,0.0
41:86,14,98,5,10.1,0.3
43:51,0,455,0,4.5,0.0
44:43,0,106,0,3.9,0.2
46:8,0,527,53,59.9,8.8
48:108,0,1149,0,10.5,0.0
48:86,0,981,15,27.5,2.2
48:86,14,65,4,13.9,3.3
48:12,0,558,19,85.7,9.6
48:12,14,26,9,143.1,44.4
48:110,0,665,0,8.7,0.0
48:110,14,59,0,9.4,0.0
51:94,0,455,0,2.7,0.0
53:50,0,1016,22,32.1,4.6
53:50,14,28,1,47.4,2.4
53:50,15,2,0,32.5,0.0
53:119,0,472,0,5.5,0.0
54:113,0,440,15,9.2,1.0
54:40,0,650,23,40.2,6.5
54:40,14,10,1,26.3,2.7
57:19,0,1572,53,43.4,2.4
57:19,14,15,0,60.3,0.7
57:17,0,294,2,367.1,20.5
60:33,0,1182,38,104.1,6.5
60:33,14,15,1,87.7,31.2
63:74,0,256,0,7.2,0.0
63:74,14,8,0,10.9,0.1
35:17,0,260,0,173.0,24.1
64:34,0,260,0,14.9,5.0
65:67,0,211,0,1.3,0.0
65:70,0,1191,4,19.0,1.5
65:70,14,14,0,10.4,0.0
66:25,0,46,0,5.2,0.3
67:69,0,185,0,1.5,0.0
67:66,0,26,0,0.8,0.0
68:101,0,159,3,71.6,9.4
69:66,0,20,0,1.5,0.0
70:68,0,134,0,40.0,10.8
72:31,0,1703,52,42.9,3.3
73:85,0,104,0,24.0,6.4
78:23,0,1466,50,94.1,5.1
79:82,0,1102,7,15.8,1.9
80:61,0,104,0,2.8,0.0
80:33,0,385,5,11.4,3.0
61:79,0,1104,5,16.1,1.0
61:80,0,390,0,5.3,0.1
83:41,0,1067,81,130.2,6.1
83:41,14,31,1,149.2,6.9
83:41,15,3,0,113.3,0.0
83:12,0,712,0,21.9,6.4
83:12,14,8,0,44.3,6.3
83:12,15,2,0,47.0,16.5
50:54,0,807,0,18.5,4.3
50:54,14,8,0,31.6,6.5
50:40,0,195,14,66.2,16.9
50:40,14,16,4,56.1,26.0
50:40,15,2,0,11.0,3.5
62:27,0,1356,15,6.9,0.3
62:27,14,34,1,7.6,0.8
101:102,0,136,23,337.2,21.3
102:60,0,1220,67,81.6,4.5
102:60,14,16,3,47.6,2.1
81:79,0,5,0,3.2,0.0
82:99,0,1102,0,6.2,1.6
37:87,0,1103,17,33.2,1.9
37:2,0,599,49,104.9,10.7
37:14,0,748,26,122.1,12.9
14:15,0,654,0,7.6,0.0
14:37,0,984,16,57.9,4.3
14:26,0,630,0,15.5,0.0
14:112,0,1104,0,5.8,0.0
112:120,0,242,0,2.7,0.0
112:89,0,832,30,36.3,4.7
114:31,0,345,0,18.1,6.7
114:96,0,143,6,22.7,3.1
119:143,0,472,0,9.5,0.0
121:5,0,17,7,303.5,111.5
122:26,0,27,0,21.4,11.5
85:63,0,104,0,336.5,19.6
71:110,0,1018,46,64.8,2.9
71:110,14,73,5,12.5,0.0
74:63,0,848,37,37.3,4.0
74:63,14,12,0,47.3,4.0
12:48,0,1183,0,53.3,4.0
12:83,0,1148,49,57.0,3.8
12:83,14,32,1,66.0,6.1
12:83,15,3,0,54.3,9.7
12:111,0,394,0,17.0,0.0
12:115,0,808,1,19.6,0.0
12:115,14,8,0,21.1,0.0
12:115,15,2,0,20.5,0.5
42:75,0,394,26,196.4,14.9
42:128,0,330,0,10.2,0.0
42:39,0,599,54,211.8,9.5
42:39,14,140,2,49.1,14.2
75:125,0,1073,2,17.7,0.0
75:125,14,88,0,24.8,2.3
75:42,0,330,6,34.6,6.7
87:20,0,2798,48,35.4,3.1
87:37,0,336,19,132.8,15.1
87:88,0,712,0,4.0,0.0
88:87,0,1743,17,22.5,1.9
88:93,0,712,0,4.9,0.0
93:88,0,1760,23,28.1,1.8
94:41,0,561,3,31.3,5.8
89:14,0,1442,60,94.7,4.4
89:90,0,374,24,15.1,3.5
89:31,0,767,2,5.2,0.3
90:40,0,576,34,101.8,11.3
1:90,0,97,6,8.2,2.3
96:90,0,139,4,14.9,3.5
106:113,0,42,8,34.8,13.5
107:106,0,50,8,4.9,0.1
10:6,0,414,22,130.0,12.5
10:6,14,62,0,33.2,11.4
10:7,0,622,8,29.1,4.6
10:7,14,123,3,31.2,5.5
108:48,0,489,46,35.4,10.1
111:12,0,1378,36,76.9,4.0
115:12,0,935,102,193.7,6.7
115:12,14,7,0,148.1,0.6
115:12,15,3,0,217.7,81.7
123:8,0,369,14,49.2,11.7
123:8,14,62,0,12.8,3.5
123:41,0,936,6,20.7,3.9
123:41,14,111,1,38.6,12.8
123:41,15,2,0,34.0,1.0
124:42,0,607,50,234.3,9.7
124:42,14,142,0,28.3,8.9
128:42,0,466,34,184.4,12.3
130:131,0,3232,7,11.5,0.0
130:75,0,267,10,49.3,11.9
130:20,0,480,19,34.6,2.3
133:130,0,667,10,78.7,8.7
133:18,0,795,113,192.0,9.7
133:18,14,9,0,101.6,23.2
134:139,0,239,0,6.8,0.0
134:135,0,1421,8,9.7,0.0
134:135,14,15,0,10.9,0.0
134:133,0,241,24,133.3,16.7
137:133,0,1344,34,89.0,4.8
137:133,14,9,0,80.3,8.9
139:134,0,23,0,82.3,60.7
58:94,0,109,0,4.1,0.1
59:58,0,109,0,2.0,0.0
76:1,0,103,3,2.1,0.0
77:9,0,609,0,20.5,4.4
77:9,14,127,5,30.7,12.6
86:41,0,968,13,28.4,5.4
86:41,14,62,3,16.3,1.1
86:48,0,719,0,4.6,0.3
86:48,14,95,3,7.1,0.9
110:48,0,1001,17,36.7,3.1
110:48,14,69,4,16.8,5.6
110:71,0,665,0,10.0,0.0
110:71,14,59,0,19.9,0.1
142:33,0,104,0,12.6,5.8
142:25,0,727,8,13.0,0.2
link_data_format_1_2_end
queue_data_format_1_4
2:9,0,0.1,46.8,0,0,5
max start
0,0,0,14,14
max end
2:9,1,0.4,78.1,1,1,12
max start
0,0,0,0,0,0,0,0,0,0,0,0
max end
2:9,2,0.7,57.3,0,1,8
max start
0,0,0,0,0,0,0,0
max end
3:2,0,-0.3,58.0,0,1,4
max start
14,14,14,14
max end
3:2,1,-0.4,75.9,1,1,12
max start
0,0,0,0,0,0,0,0,0,0,0,0
max end
3:2,2,-0.3,75.8,1,1,10
max start
0,0,0,0,0,0,0,0,0,0
max end
4:3,0,2.5,24.2,0,0,2
max start
14,14
max end
4:3,1,2.1,73.3,1,1,11
max start
0,0,0,0,0,0,0,0,0,0,0
max end
4:3,2,0.3,73.5,1,1,11
max start
0,0,0,0,0,0,0,0,0,0,0
max end
4:2,0,3.6,28.8,0,0,2
max start
14,14
max end
5:6,0,-0.2,23.9,0,0,2
max start
14,14
max end
5:6,1,-0.5,35.4,1,1,6
max start
0,0,0,0,0,0
max end
5:6,2,-0.8,27.0,1,1,4
max start
0,0,0,0
max end
5:6,3,-1.1,24.3,1,1,4
max start
0,0,0,0
max end
6:4,0,15.0,34.8,1,1,2
max start
14,14
max end
6:4,1,30.5,79.0,1,1,6
max start
0,0,0,0,0,0
max end
6:4,2,-0.1,71.2,1,1,11
max start
0,0,0,0,0,0,0,0,0,0,0
max end
6:4,3,0.4,63.9,1,1,10
max start
0,0,0,0,0,0,0,0,0,0
max end
6:10,0,16.0,78.5,1,1,4
max start
14,14,14,14
max end
6:10,1,5.6,55.3,0,0,7
max start
0,0,0,0,0,0,0
max end
6:10,2,2.3,16.0,0,0,3
max start
0,0,0
max end
7:10,0,4.4,48.3,0,0,3
max start
14,14,14
max end
7:10,1,0.3,93.5,1,1,14
max start
0,0,0,0,0,0,0,0,0,0,0,0,0,0
max end
7:10,2,1.4,90.2,1,1,13
max start
0,0,0,0,0,0,0,0,0,0,0,0,0
max end
7:8,0,-0.0,149.5,1,1,9
max start
14,14,14,14,14,14,14,14,14
max end
7:8,1,-0.0,138.2,0,1,20
max start
0,0,0,0,0,0,0,0,0,0,0,0,0,0,0,0,0,0,0,0
max end
7:8,2,-0.0,157.6,1,1,22
max start
0,0,0,0,0,0,0,0,0,0,0,0,0,0,0,0,0,0,0,0,0,0
max end
8:7,0,-0.0,124.6,0,1,7
max start
14,14,14,14,14,14,14
max end
8:7,1,-0.1,163.9,1,1,22
max start
0,0,0,0,0,0,0,0,0,0,0,0,0,0,0,0,0,0,0,0,0,0
max end
8:7,2,-0.2,161.0,1,1,23
max start
0,0,0,0,0,0,0,0,0,0,0,0,0,0,0,0,0,0,0,0,0,0,0
max end
8:123,0,2.2,63.0,1,1,4
max start
14,14,14,14
max end
8:123,1,0.0,64.5,1,1,8
max start
0,0,0,0,0,0,0,0
max end
8:123,2,1.3,62.3,1,1,9
max start
0,0,0,0,0,0,0,0,0
max end
9:11,0,24.9,49.8,0,0,2
max start
14,14
max end
9:11,2,24.0,103.6,0,0,11
max start
0,0,0,0,0,0,0,0,0,0,0
max end
9:11,3,8.6,17.1,0,0,2
max start
0,0
max end
11:4,0,1.4,19.0,1,1,3
max start
0,0,0
max end
11:6,0,-0.5,45.9,0,1,3
max start
14,14,14
max end
11:6,1,-1.5,46.0,0,1,5
max start
0,14,0,0,14
max end
11:6,2,-2.4,59.0,1,1,9
max start
0,0,0,0,0,0,0,0,0
max end
15:16,0,12.1,53.9,1,1,6
max start
0,0,0,0,0,0
max end
15:16,1,22.4,44.7,1,1,4
max start
0,0,0,0
max end
16:36,0,4.6,42.4,1,1,5
max start
0,0,0,0,0
max end
16:36,1,5.8,36.8,1,1,4
max start
0,0,0,0
max end
17:37,0,-0.0,120.1,1,1,18
max start
0,0,0,0,0,0,0,0,0,0,0,0,0,0,0,0,0,0
max end
17:37,1,-0.1,137.6,1,1,19
max start
0,0,0,0,0,0,0,0,0,0,0,0,0,0,0,0,0,0,0
max end
17:37,2,2.6,118.5,1,1,17
max start
0,0,0,0,0,0,0,0,0,0,0,0,0,0,0,0,0
max end
18:19,0,0.2,39.4,0,0,6
max start
0,0,0,0,0,0
max end
18:19,1,0.5,52.5,0,0,8
max start
0,0,0,0,0,0,0,0
max end
18:19,2,0.8,48.6,0,0,7
max start
0,0,0,0,0,0,0
max end
18:17,0,9.3,184.7,1,1,26
max start
0,0,0,0,0,0,0,0,0,0,0,0,0,0,0,0,0,0,0,0,0,0,0,0,0,0
max end
18:17,1,3.1,183.7,1,1,26
max start
0,0,0,0,0,0,0,0,0,0,0,0,0,0,0,0,0,0,0,0,0,0,0,0,0,0
max end
18:17,2,3.5,51.7,0,0,4
max start
0,0,14,0
max end
19:134,0,55.6,143.6,0,1,10
max start
14,0,0,0,0,0,0,0,0,0
max end
19:134,1,228.1,272.9,1,1,7
max start
0,0,0,0,0,0,0
max end
19:134,2,-3.2,275.3,1,1,43
max start
0,0,0,0,0,0,0,0,0,0,0,0,0,0,0,0,0,0,0,0,0,0,0,0,0,0,0,0,0,0,0,0,0,0,0,0,0,0,0,0,0,0,0
max end
20:18,0,16.5,176.8,1,1,23
max start
0,0,0,0,14,0,0,0,0,0,0,0,0,0,0,0,0,0,0,0,0,0,0
max end
20:18,1,17.8,156.3,1,1,21
max start
0,0,0,0,0,0,0,0,0,0,0,0,0,0,0,0,0,0,0,0,0
max end
20:18,2,19.6,58.1,0,0,6
max start
0,0,0,0,0,0
max end
20:130,0,3.8,36.0,0,0,5
max start
0,0,0,0,0
max end
20:130,1,4.4,32.2,0,0,4
max start
0,0,0,0
max end
20:130,2,10.9,55.7,0,0,6
max start
0,0,0,0,0,0
max end
20:130,3,5.6,40.8,0,0,5
max start
0,0,0,0,0
max end
20:130,4,10.1,67.0,0,0,9
max start
0,0,0,0,0,0,0,0,0
max end
20:87,0,12.8,87.1,1,1,11
max start
0,0,0,0,0,0,0,0,0,0,0
max end
20:87,1,13.7,76.5,0,1,10
max start
0,0,0,0,0,0,0,0,0,0
max end
20:87,2,26.7,34.5,0,0,2
max start
0,0
max end
21:20,0,-0.1,68.3,1,1,9
max start
0,0,0,0,0,14,0,0,0
max end
21:20,1,-0.3,68.4,1,1,12
max start
0,0,0,0,0,0,0,0,0,0,0,0
max end
21:20,2,-0.4,69.5,1,1,10
max start
0,0,0,0,0,0,0,0,0,0
max end
23:22,0,2.8,103.6,1,1,15
max start
0,0,0,0,0,0,0,0,0,0,0,0,0,0,0
max end
23:22,1,3.5,115.4,1,1,17
max start
0,0,0,0,0,0,0,0,0,0,0,0,0,0,0,0,0
max end
23:22,2,7.3,109.1,1,1,15
max start
0,0,0,0,0,0,0,0,0,0,0,0,0,0,0
max end
23:77,0,13.6,34.4,0,0,2
max start
14,14
max end
23:77,2,3.1,35.1,0,0,5
max start
0,0,0,0,0
max end
24:89,0,2.8,112.9,1,1,17
max start
0,0,0,0,0,0,0,0,0,0,0,0,0,0,0,0,0
max end
24:89,1,-3.1,115.4,1,1,18
max start
0,0,0,0,0,0,0,0,0,0,0,0,0,0,0,0,0,0
max end
24:89,2,-5.1,40.9,0,0,7
max start
0,0,0,0,0,0,0
max end
24:32,0,5.6,22.0,1,1,3
max start
0,0,0
max end
24:32,2,17.1,38.6,1,1,3
max start
0,0,0
max end
24:32,3,19.6,37.4,1,1,3
max start
0,0,0
max end
25:64,0,0.0,44.3,1,1,6
max start
0,0,0,0,0,0
max end
25:64,1,1.8,15.6,0,0,2
max start
0,0
max end
25:24,0,1.0,49.1,1,1,7
max start
0,0,0,0,0,0,0
max end
25:24,1,-0.8,49.8,1,1,8
max start
0,0,0,0,0,0,0,0
max end
26:14,0,-0.2,180.8,1,1,27
max start
0,0,0,0,0,0,0,0,0,0,0,0,0,0,0,0,0,0,0,0,0,0,0,0,0,0,0
max end
26:14,1,-0.5,162.9,0,0,25
max start
0,0,0,0,0,0,0,0,0,0,0,0,0,0,0,0,0,0,0,0,0,0,0,0,0
max end
26:14,2,-0.8,42.0,0,0,7
max start
0,0,0,0,0,0,0
max end
28:26,0,0.3,36.6,1,1,6
max start
0,0,0,0,0,0
max end
28:26,1,-0.3,35.4,1,1,6
max start
0,0,0,0,0,0
max end
29:28,0,0.7,52.5,1,1,9
max start
0,0,0,0,0,0,0,0,0
max end
29:28,1,1.8,54.2,1,1,8
max start
0,0,0,0,0,0,0,0
max end
30:29,0,1.6,73.7,1,1,11
max start
0,0,0,0,0,0,0,0,0,0,0
max end
30:29,1,6.8,72.9,1,1,10
max start
0,0,0,0,0,0,0,0,0,0
max end
27:6,0,0.1,134.3,1,1,13
max start
0,0,14,0,14,14,0,0,0,0,14,0,0
max end
27:6,1,0.3,79.9,0,0,10
max start
0,0,0,0,0,0,0,14,0,0
max end
27:30,0,5.1,59.8,0,0,8
max start
0,0,0,0,0,0,0,0
max end
27:30,1,6.8,55.9,0,0,7
max start
0,0,0,0,0,0,0
max end
31:32,0,-0.7,121.7,1,1,19
max start
0,0,0,0,0,0,0,0,0,0,0,0,0,0,0,0,0,0,0
max end
31:32,1,-2.1,10.8,0,0,2
max start
0,0
max end
31:32,2,-3.4,7.0,0,0,2
max start
0,0
max end
31:89,0,0.9,67.4,1,1,10
max start
0,0,0,0,0,0,0,0,0,0
max end
31:89,1,2.7,71.0,1,1,10
max start
0,0,0,0,0,0,0,0,0,0
max end
31:89,2,4.8,71.3,1,1,10
max start
0,0,0,0,0,0,0,0,0,0
max end
32:65,0,35.3,45.9,1,1,2
max start
0,0
max end
32:65,1,26.9,35.5,1,1,2
max start
0,0
max end
32:65,2,12.3,21.4,0,1,2
max start
0,0
max end
33:57,0,0.0,81.8,1,1,15
max start
0,0,0,0,0,0,0,0,0,0,0,0,0,0,0
max end
33:57,1,0.8,89.7,1,1,13
max start
0,0,0,0,0,0,0,0,0,0,0,0,0
max end
33:57,2,5.1,82.1,1,1,11
max start
0,0,0,0,0,0,0,0,0,0,0
max end
34:35,0,1.0,48.9,1,1,7
max start
0,0,0,0,0,0,0
max end
34:35,1,0.3,48.8,1,1,8
max start
0,0,0,0,0,0,0,0
max end
34:35,2,6.0,18.8,0,1,2
max start
0,0
max end
36:24,0,9.2,104.2,1,1,12
max start
14,0,0,0,0,0,0,0,0,0,0,0
max end
36:24,1,9.9,104.1,1,1,12
max start
0,0,0,0,0,0,0,0,0,0,0,0
max end
36:24,2,11.5,71.9,0,0,8
max start
0,0,0,0,0,0,0,0
max end
36:24,3,12.1,60.5,0,0,8
max start
0,0,0,0,0,0,0,0
max end
38:75,0,0.0,71.9,0,0,4
max start
14,14,14,14
max end
38:75,1,0.1,65.1,0,0,4
max start
14,14,14,14
max end
38:75,2,5.7,131.6,0,1,16
max start
0,0,0,0,0,0,0,0,0,0,0,0,0,0,0,0
max end
38:75,3,0.3,101.6,0,0,14
max start
0,0,0,0,0,0,0,0,0,0,0,0,0,0
max end
38:39,0,-0.0,97.1,1,1,15
max start
0,0,0,0,0,0,0,0,0,0,0,0,0,0,0
max end
38:39,1,0.0,95.7,1,1,14
max start
0,0,0,0,0,0,0,0,0,0,0,0,0,0
max end
39:23,0,46.3,90.6,0,0,3
max start
14,14,14
max end
39:23,1,-2.2,23.3,0,0,2
max start
14,14
max end
39:23,2,-0.3,126.9,1,1,17
max start
0,0,0,0,0,0,0,0,0,0,0,0,0,0,0,0,0
max end
39:23,3,-5.1,130.9,1,1,21
max start
0,0,0,0,0,0,0,0,0,0,0,0,0,0,0,0,0,0,0,0,14
max end
40:5,1,-2.1,217.7,1,1,32
max start
0,0,0,0,0,0,0,0,0,0,0,0,0,0,0,0,0,0,0,0,0,0,0,0,0,0,0,0,0,0,0,0
max end
40:5,2,0.1,57.9,0,1,9
max start
0,0,0,0,0,0,0,0,0
max end
40:5,3,-5.3,55.1,0,0,10
max start
0,0,0,0,0,0,0,0,0,0
max end
41:73,0,6.5,82.8,1,1,10
max start
0,0,0,0,0,0,0,0,0,0
max end
41:73,1,-0.2,62.6,0,0,10
max start
0,0,0,0,0,0,0,0,0,0
max end
41:53,0,8.8,249.8,1,1,29
max start
0,0,0,0,0,0,0,0,0,0,0,0,0,0,0,0,0,0,0,14,14,0,0,0,0,0,0,14,0
max end
41:53,1,3.3,228.6,1,1,30
max start
0,0,0,14,0,0,0,0,0,0,0,0,0,0,0,0,0,0,14,0,0,0,0,0,0,0,0,0,0,0
max end
41:53,2,4.3,229.5,1,1,35
max start
0,0,0,0,0,0,0,0,0,0,0,0,0,0,0,0,0,0,0,0,0,0,0,0,0,0,0,0,0,0,0,0,0,0,0
max end
41:123,0,2.0,66.7,1,1,4
max start
14,14,14,14
max end
41:123,1,0.5,64.7,1,1,9
max start
0,0,0,0,0,0,0,0,0
max end
41:123,2,3.0,42.2,0,1,6
max start
0,0,0,0,0,0
max end
41:86,0,6.7,90.8,1,1,5
max start
14,14,14,14,14
max end
46:8,0,-0.0,189.1,1,1,30
max start
0,0,0,0,0,0,0,0,0,0,0,0,0,0,0,0,0,0,0,0,0,0,0,0,0,0,0,0,0,0
max end
46:8,1,0.0,124.1,0,1,19
max start
0,0,0,0,0,0,0,0,0,0,0,0,0,0,0,0,0,0,0
max end
48:86,0,15.4,77.9,1,1,4
max start
14,14,14,14
max end
48:86,1,0.5,88.8,1,1,13
max start
0,0,0,0,0,0,0,0,0,0,0,0,0
max end
48:86,2,49.0,82.3,1,1,5
max start
0,0,0,0,0
max end
48:12,0,-3.4,234.2,1,1,24
max start
0,0,0,0,14,0,0,0,0,14,0,14,0,0,0,0,0,0,14,14,0,0,0,0
max end
48:12,1,-5.7,167.5,0,1,25
max start
0,0,0,0,0,0,0,0,0,0,0,0,0,0,0,0,0,0,0,0,0,0,0,0,0
max end
48:12,2,-8.0,76.0,0,1,13
max start
0,0,0,0,0,0,0,0,0,0,0,0,0
max end
53:50,0,-9.1,68.8,1,1,10
max start
0,0,0,0,14,0,0,0,0,0
max end
53:50,1,-5.2,67.8,1,1,8
max start
0,0,0,0,0,0,0,0
max end
53:50,2,-2.4,66.6,1,1,10
max start
0,0,0,0,0,0,0,0,0,0
max end
53:50,3,1.4,10.7,0,0,2
max start
0,0
max end
53:119,0,66.3,73.2,1,1,2
max start
0,0
max end
54:113,0,0.4,40.0,1,1,6
max start
0,0,0,0,0,0
max end
54:113,1,0.2,33.6,1,1,5
max start
0,0,0,0,0
max end
54:113,2,0.3,23.9,0,0,4
max start
0,0,0,0
max end
54:40,0,24.6,102.6,1,1,10
max start
0,0,0,0,0,14,0,0,0,0
max end
54:40,1,24.2,100.9,1,1,11
max start
0,0,0,0,0,0,0,0,0,0,0
max end
54:40,2,23.4,99.6,1,1,11
max start
0,0,0,0,0,0,0,0,0,0,0
max end
57:19,0,-0.0,160.1,1,1,24
max start
0,0,0,0,0,0,0,0,0,0,0,0,0,0,0,0,0,0,0,0,0,0,0,0
max end
57:19,1,3.7,159.5,1,1,23
max start
0,0,0,0,0,0,0,0,0,0,0,0,0,0,0,0,0,0,0,0,0,0,14
max end
57:19,2,-0.2,160.1,1,1,23
max start
0,0,0,0,0,0,0,0,0,0,0,0,0,0,0,0,0,0,0,0,0,0,0
max end
57:17,0,0.2,238.6,1,1,35
max start
0,0,0,0,0,0,0,0,0,0,0,0,0,0,0,0,0,0,0,0,0,0,0,0,0,0,0,0,0,0,0,0,0,0,0
max end
57:17,1,0.5,234.6,1,1,35
max start
0,0,0,0,0,0,0,0,0,0,0,0,0,0,0,0,0,0,0,0,0,0,0,0,0,0,0,0,0,0,0,0,0,0,0
max end
60:33,0,0.7,127.5,1,1,18
max start
0,0,0,0,0,0,0,0,0,0,0,0,0,0,0,0,0,0
max end
60:33,1,2.2,128.7,1,1,19
max start
0,0,0,0,0,0,0,0,0,0,0,0,0,0,0,0,0,0,0
max end
60:33,2,3.7,129.7,1,1,20
max start
0,0,0,0,0,0,0,0,0,0,0,0,0,0,0,0,0,0,0,0
max end
35:17,0,0.1,79.6,1,1,11
max start
0,0,0,0,0,0,0,0,0,0,0
max end
35:17,1,0.3,80.2,1,1,12
max start
0,0,0,0,0,0,0,0,0,0,0,0
max end
35:17,2,0.5,79.7,1,1,12
max start
0,0,0,0,0,0,0,0,0,0,0,0
max end
64:34,0,0.5,31.8,1,1,5
max start
0,0,0,0,0
max end
64:34,1,-0.6,31.8,1,1,5
max start
0,0,0,0,0
max end
64:34,2,3.6,17.1,0,0,2
max start
0,0
max end
65:70,1,71.2,91.5,0,0,4
max start
0,0,0,0
max end
65:70,2,10.1,105.7,0,1,14
max start
0,0,0,0,0,0,0,0,0,0,0,0,0,0
max end
68:101,1,2.0,56.9,1,1,8
max start
0,0,0,0,0,0,0,0
max end
70:68,0,1.3,27.7,1,1,4
max start
0,0,0,0
max end
72:31,0,1.1,123.3,1,1,19
max start
0,0,0,0,0,0,0,0,0,0,0,0,0,0,0,0,0,0,0
max end
72:31,1,3.3,123.5,1,1,16
max start
0,0,0,0,0,0,0,0,0,0,0,0,0,0,0,0
max end
72:31,2,5.5,123.6,1,1,17
max start
0,0,0,0,0,0,0,0,0,0,0,0,0,0,0,0,0
max end
73:85,0,-0.4,27.6,1,1,5
max start
0,0,0,0,0
max end
73:85,1,-1.6,28.1,1,1,5
max start
0,0,0,0,0
max end
78:23,0,0.6,122.6,1,1,18
max start
0,0,0,0,0,0,0,0,0,0,0,0,0,0,0,0,0,0
max end
78:23,1,1.8,117.9,1,1,16
max start
0,0,0,0,0,0,0,0,0,0,0,0,0,0,0,0
max end
78:23,2,3.0,118.4,1,1,17
max start
0,0,0,0,0,0,0,0,0,0,0,0,0,0,0,0,0
max end
79:82,0,-0.0,53.8,1,1,8
max start
0,0,0,0,0,0,0,0
max end
79:82,1,0.0,19.5,0,0,3
max start
0,0,0
max end
80:33,0,-0.3,13.8,0,0,3
max start
0,0,0
max end
80:33,1,3.1,43.7,0,0,7
max start
0,0,0,0,0,0,0
max end
61:79,0,2.2,53.8,1,1,8
max start
0,0,0,0,0,0,0,0
max end
83:41,0,53.0,146.4,0,1,12
max start
0,0,0,0,0,0,0,0,0,0,14,0
max end
83:41,1,26.5,206.1,1,1,22
max start
0,0,14,0,0,0,0,0,0,0,0,0,0,14,0,14,0,0,0,0,0,0
max end
83:41,2,25.8,206.7,1,1,26
max start
0,0,0,0,0,0,0,0,0,0,0,0,0,0,0,0,0,0,0,0,0,0,0,0,0,0
max end
83:41,3,25.6,206.3,1,1,25
max start
0,0,0,0,0,0,0,0,0,0,0,0,0,0,0,0,0,0,0,0,0,0,0,0,0
max end
83:12,0,1.3,68.8,1,1,9
max start
0,0,0,0,14,0,0,0,0
max end
83:12,1,3.9,45.6,0,0,6
max start
0,0,0,0,0,0
max end
83:12,2,6.5,39.0,0,0,5
max start
0,0,0,0,0
max end
50:54,0,-0.3,44.6,1,1,7
max start
0,0,0,0,0,0,0
max end
50:54,1,-0.9,41.7,1,1,8
max start
0,0,0,0,0,0,0,0
max end
50:54,2,-1.4,34.8,1,1,6
max start
0,0,0,0,0,0
max end
50:40,0,22.4,94.3,1,1,8
max start
0,0,0,14,0,0,14,0
max end
50:40,1,21.9,104.8,1,1,11
max start
0,0,0,0,0,0,0,0,0,14,0
max end
50:40,2,21.3,62.4,0,0,5
max start
0,0,0,0,0
max end
50:40,3,27.3,45.3,0,0,3
max start
0,0,0
max end
62:27,0,2.2,59.2,1,1,9
max start
0,0,0,0,0,0,0,0,0
max end
62:27,1,5.8,59.6,1,1,9
max start
0,0,0,0,0,0,0,0,0
max end
101:102,0,1.8,162.0,1,1,26
max start
0,0,0,0,0,0,0,0,0,0,0,0,0,0,0,0,0,0,0,0,0,0,0,0,0,0
max end
102:60,0,2.2,178.4,1,1,19
max start
0,0,0,0,0,0,0,0,0,14,14,14,0,0,0,0,0,0,0
max end
102:60,1,2.2,178.9,1,1,23
max start
0,0,0,0,0,0,0,0,0,0,0,0,0,0,0,0,0,0,0,0,0,0,0
max end
102:60,2,1.9,179.0,1,1,26
max start
0,0,0,0,0,0,0,0,0,0,0,0,0,0,0,0,0,0,0,0,0,0,0,0,0,0
max end
82:99,0,-6.8,18.4,1,1,5
max start
0,0,0,0,0
max end
82:99,1,7.6,20.5,1,1,2
max start
0,0
max end
37:87,0,2.0,148.4,1,1,18
max start
0,0,0,0,0,0,0,0,0,0,0,0,0,0,0,0,0,0
max end
37:87,1,7.9,125.0,0,1,17
max start
0,0,0,0,0,0,0,0,0,0,0,0,0,0,0,0,0
max end
37:2,0,13.7,215.8,0,0,31
max start
0,0,0,0,0,0,0,0,0,0,0,0,0,0,0,0,0,0,0,0,0,0,0,0,0,0,0,0,0,0,0
max end
37:2,1,13.7,175.6,0,1,23
max start
0,0,0,0,0,0,0,0,0,0,0,0,0,0,0,0,0,0,0,0,0,0,0
max end
37:2,2,13.7,142.0,0,0,20
max start
0,0,0,0,0,0,0,0,0,0,0,0,0,0,0,0,0,0,0,0
max end
37:14,0,0.1,104.8,1,1,13
max start
0,0,0,0,0,0,0,0,0,0,0,0,0
max end
37:14,1,0.3,105.6,1,1,16
max start
0,0,0,0,0,0,0,0,0,0,0,0,0,0,0,0
max end
37:14,2,0.5,76.4,0,1,11
max start
0,0,0,0,0,0,0,0,0,0,0
max end
14:15,0,6.9,41.6,0,0,5
max start
0,0,0,0,0
max end
14:37,0,-0.1,111.6,1,1,16
max start
0,0,0,0,0,0,0,0,0,0,0,0,0,0,0,0
max end
14:37,1,-0.3,111.0,1,1,17
max start
0,0,0,0,0,0,0,0,0,0,0,0,0,0,0,0,0
max end
14:112,1,70.4,71.3,1,1,2
max start
0,0
max end
112:89,0,0.7,77.0,0,0,12
max start
0,0,0,0,0,0,0,0,0,0,0,0
max end
112:89,1,2.0,80.3,0,0,11
max start
0,0,0,0,0,0,0,0,0,0,0
max end
112:89,2,3.4,84.2,0,0,12
max start
0,0,0,0,0,0,0,0,0,0,0,0
max end
114:31,0,-0.3,33.5,1,1,6
max start
0,0,0,0,0,0
max end
114:31,1,-1.0,27.0,1,1,4
max start
0,0,0,0
max end
114:31,2,-1.6,31.9,1,1,4
max start
0,0,0,0
max end
114:96,0,1.5,43.0,1,1,7
max start
0,0,0,0,0,0,0
max end
121:5,0,7.0,43.7,0,0,6
max start
0,0,0,0,0,0
max end
122:26,0,0.0,29.9,1,1,5
max start
0,0,0,0,0
max end
85:63,0,-0.2,135.2,0,1,20
max start
0,0,0,0,0,0,0,0,0,0,0,0,0,0,0,0,0,0,0,0
max end
85:63,1,-0.5,220.1,1,1,34
max start
0,0,0,0,0,0,0,0,0,0,0,0,0,0,0,0,0,0,0,0,0,0,0,0,0,0,0,0,0,0,0,0,0,0
max end
71:110,0,-0.0,80.0,0,0,5
max start
14,14,14,14,14
max end
71:110,1,0.3,150.6,1,1,23
max start
0,0,0,0,0,0,0,0,0,0,0,0,0,0,0,0,0,0,0,0,0,0,0
max end
71:110,2,0.0,151.3,1,1,20
max start
0,0,0,0,0,0,0,0,0,0,0,0,0,0,0,0,0,0,0,0
max end
74:63,0,-0.0,81.2,1,1,15
max start
0,0,0,0,0,0,0,0,0,0,0,0,0,0,0
max end
74:63,1,-0.0,82.1,1,1,13
max start
0,0,0,0,0,0,0,0,0,0,0,0,0
max end
74:63,2,0.0,81.4,1,1,11
max start
0,0,0,0,0,0,0,0,0,0,0
max end
12:48,0,31.0,189.9,0,1,22
max start
0,0,0,0,0,0,0,0,0,0,0,0,0,0,0,0,0,0,0,0,0,0
max end
12:48,1,0.0,119.6,0,0,17
max start
0,0,0,0,0,0,0,0,0,0,0,0,0,0,0,0,0
max end
12:48,2,-0.0,70.9,0,0,10
max start
0,0,0,0,0,0,0,0,0,0
max end
12:83,0,2.0,118.9,1,1,15
max start
0,0,0,0,0,0,0,14,0,0,0,0,0,0,0
max end
12:83,1,4.8,129.7,1,1,16
max start
0,0,0,0,0,0,0,0,0,0,0,0,0,0,0,0
max end
12:83,2,-0.7,130.8,1,1,18
max start
0,0,0,0,0,0,0,0,0,0,0,0,0,0,0,0,0,0
max end
12:115,1,241.2,255.9,1,1,4
max start
0,0,0,0
max end
42:75,0,5.4,125.4,1,1,18
max start
0,0,0,0,0,0,0,0,0,0,0,0,0,0,0,0,0,0
max end
42:75,1,6.3,126.7,1,1,18
max start
0,0,0,0,0,0,0,0,0,0,0,0,0,0,0,0,0,0
max end
42:39,0,-0.6,69.3,0,1,4
max start
14,14,14,14
max end
42:39,1,-1.9,23.5,0,0,2
max start
14,14
max end
42:39,2,-3.2,183.4,1,1,24
max start
0,0,0,0,0,0,0,0,0,0,0,0,0,0,0,0,0,0,0,0,0,0,0,0
max end
42:39,3,-4.4,181.1,1,1,23
max start
0,0,0,0,0,0,0,0,0,0,0,0,0,0,0,0,0,0,0,0,0,0,0
max end
75:125,0,16.8,36.8,0,0,2
max start
14,14
max end
75:125,1,3.9,24.1,0,0,2
max start
14,14
max end
75:125,2,222.9,236.6,1,1,2
max start
0,0
max end
75:42,0,0.7,55.5,0,0,9
max start
0,0,0,0,0,0,0,0,0
max end
75:42,1,2.2,53.9,0,1,7
max start
0,0,0,0,0,0,0
max end
87:20,0,-0.0,75.1,1,1,11
max start
0,0,0,0,0,0,0,0,0,0,0
max end
87:20,1,-0.1,75.7,1,1,12
max start
0,0,0,0,0,0,0,0,0,0,0,0
max end
87:20,2,-0.2,80.6,1,1,11
max start
0,0,0,0,0,0,0,0,0,0,0
max end
87:20,3,-0.2,80.1,1,1,11
max start
0,0,0,0,0,0,0,0,0,0,0
max end
87:37,0,-0.1,133.7,1,1,22
max start
0,0,0,0,0,0,0,0,0,0,0,0,0,0,0,0,0,0,0,0,0,0
max end
87:37,1,2.8,129.0,1,1,19
max start
0,0,0,0,0,0,0,0,0,0,0,0,0,0,0,0,0,0,0
max end
88:87,0,0.2,59.4,1,1,8
max start
0,0,0,0,0,0,0,0
max end
88:87,1,-1.0,58.5,1,1,11
max start
0,0,0,0,0,0,0,0,0,0,0
max end
93:88,0,0.2,74.1,1,1,11
max start
0,0,0,0,0,0,0,0,0,0,0
max end
93:88,1,1.1,74.9,1,1,11
max start
0,0,0,0,0,0,0,0,0,0,0
max end
94:41,0,0.3,52.6,0,0,8
max start
0,0,0,0,0,0,0,0
max end
94:41,1,1.0,59.1,0,0,9
max start
0,0,0,0,0,0,0,0,0
max end
94:41,2,1.7,66.6,0,0,9
max start
0,0,0,0,0,0,0,0,0
max end
89:14,0,-0.2,222.0,1,1,30
max start
0,0,0,0,0,0,0,0,0,0,0,0,0,0,0,0,0,0,0,0,0,0,0,0,0,0,0,0,0,0
max end
89:14,1,-0.5,218.4,1,1,30
max start
0,0,0,0,0,0,0,0,0,0,0,0,0,0,0,0,0,0,0,0,0,0,0,0,0,0,0,0,0,0
max end
89:14,2,-0.8,214.7,1,1,30
max start
0,0,0,0,0,0,0,0,0,0,0,0,0,0,0,0,0,0,0,0,0,0,0,0,0,0,0,0,0,0
max end
89:90,0,0.7,59.2,1,1,9
max start
0,0,0,0,0,0,0,0,0
max end
89:90,1,2.5,56.0,1,1,8
max start
0,0,0,0,0,0,0,0
max end
89:90,2,0.6,50.9,1,1,8
max start
0,0,0,0,0,0,0,0
max end
90:40,0,0.8,172.9,1,1,26
max start
0,0,0,0,0,0,0,0,0,0,0,0,0,0,0,0,0,0,0,0,0,0,0,0,0,0
max end
90:40,1,2.5,150.5,0,1,21
max start
0,0,0,0,0,0,0,0,0,0,0,0,0,0,0,0,0,0,0,0,0
max end
90:40,2,4.2,96.4,0,1,12
max start
0,0,0,0,0,0,0,0,0,0,0,0
max end
1:90,0,-0.2,36.0,1,1,6
max start
0,0,0,0,0,0
max end
96:90,0,1.3,25.8,1,1,4
max start
0,0,0,0
max end
106:113,0,-0.0,45.8,1,1,8
max start
0,0,0,0,0,0,0,0
max end
107:106,0,6.1,57.5,1,1,8
max start
0,0,0,0,0,0,0,0
max end
10:6,0,-0.0,62.2,1,1,4
max start
14,14,14,14
max end
10:6,1,-0.0,71.5,1,1,11
max start
0,0,0,0,0,0,0,0,0,0,0
max end
10:6,2,-0.0,71.7,1,1,11
max start
0,0,0,0,0,0,0,0,0,0,0
max end
10:7,0,-0.1,78.4,1,1,5
max start
14,14,14,14,14
max end
10:7,1,-0.2,77.0,1,1,11
max start
0,0,0,0,0,0,0,0,0,0,0
max end
10:7,2,-0.4,78.6,1,1,11
max start
0,0,0,0,0,0,0,0,0,0,0
max end
108:48,0,0.0,97.9,1,1,15
max start
0,0,0,0,0,0,0,0,0,0,0,0,0,0,0
max end
108:48,1,-0.0,97.9,1,1,14
max start
0,0,0,0,0,0,0,0,0,0,0,0,0,0
max end
108:48,2,-0.0,99.9,1,1,16
max start
0,0,0,0,0,0,0,0,0,0,0,0,0,0,0,0
max end
111:12,0,-1.5,160.3,1,1,23
max start
0,0,0,0,0,0,0,0,0,0,0,0,0,0,0,0,0,0,0,0,0,0,0
max end
111:12,1,-4.4,159.1,1,1,23
max start
0,0,0,0,0,0,0,0,0,0,0,0,0,0,0,0,0,0,0,0,0,0,0
max end
111:12,2,-7.3,160.0,1,1,23
max start
0,0,0,0,0,0,0,0,0,0,0,0,0,0,0,0,0,0,0,0,0,0,0
max end
115:12,0,1.0,232.3,1,1,31
max start
0,0,0,0,0,0,0,0,0,0,0,0,0,0,0,0,0,0,0,0,0,0,0,0,0,0,0,0,0,0,0
max end
115:12,1,3.0,232.1,1,1,30
max start
0,0,0,0,0,0,0,0,0,0,0,0,0,0,0,0,0,0,0,0,0,0,0,0,0,0,0,0,0,0
max end
115:12,2,5.0,231.9,1,1,31
max start
0,0,0,0,0,0,0,0,0,0,0,0,0,0,0,0,0,0,0,0,0,0,0,0,0,0,0,0,0,0,0
max end
123:8,0,-0.0,47.4,1,1,5
max start
0,0,0,14,14
max end
123:8,1,-0.0,47.2,1,1,7
max start
0,0,0,0,0,0,0
max end
123:8,2,0.0,47.3,1,1,7
max start
0,0,0,0,0,0,0
max end
123:41,0,1.9,51.7,1,1,4
max start
14,15,14,14
max end
123:41,1,1.4,51.3,1,1,7
max start
0,0,0,0,0,0,0
max end
123:41,2,1.3,50.4,1,1,8
max start
0,0,0,0,0,0,0,0
max end
124:42,0,18.6,81.6,0,0,4
max start
14,14,14,14
max end
124:42,1,17.4,66.8,0,0,3
max start
14,14,14
max end
124:42,2,16.3,188.6,1,1,25
max start
0,0,0,0,0,0,0,0,0,0,0,0,0,0,0,0,0,0,0,0,0,0,0,0,0
max end
124:42,3,15.1,188.1,1,1,23
max start
0,0,0,0,0,0,0,0,0,0,0,0,0,0,0,0,0,0,0,0,0,0,0
max end
128:42,0,0.9,112.0,1,1,16
max start
0,0,0,0,0,0,0,0,0,0,0,0,0,0,0,0
max end
128:42,1,2.6,111.6,1,1,15
max start
0,0,0,0,0,0,0,0,0,0,0,0,0,0,0
max end
130:75,0,0.1,81.5,0,0,11
max start
0,0,0,0,0,0,0,0,0,0,0
max end
130:75,1,0.2,52.1,0,1,7
max start
0,0,0,0,0,0,0
max end
130:75,2,0.3,44.1,0,0,6
max start
0,0,0,0,0,0
max end
130:20,0,10.7,37.6,0,0,3
max start
0,0,0
max end
130:20,1,3.4,36.1,0,0,4
max start
0,0,0,0
max end
133:130,0,-0.0,25.2,0,0,4
max start
0,0,0,0
max end
133:130,1,-0.1,35.0,0,0,5
max start
0,0,0,0,0
max end
133:130,2,-0.1,134.3,1,1,21
max start
0,0,0,0,0,0,0,0,0,0,0,0,0,0,0,0,0,0,0,0,0
max end
133:18,0,17.9,265.1,0,0,38
max start
0,0,0,0,0,0,0,0,0,0,0,0,0,0,0,0,0,0,0,0,0,0,0,0,0,0,0,0,0,0,0,0,0,0,0,0,0,0
max end
133:18,1,10.5,362.3,1,1,50
max start
0,0,0,0,0,0,0,0,0,0,0,0,0,0,0,0,0,0,0,0,0,0,0,0,0,0,0,0,0,0,0,0,0,0,0,0,0,0,0,0,0,0,0,0,0,0,0,0,0,0
max end
133:18,2,7.5,326.0,0,1,44
max start
0,0,0,0,0,0,0,0,0,0,0,0,0,0,0,0,0,0,0,0,0,0,0,0,0,0,0,0,0,0,0,0,0,0,0,0,0,0,0,0,0,0,0,0
max end
134:133,0,0.0,34.8,0,0,6
max start
0,0,0,0,0,0
max end
134:133,1,-0.0,40.3,0,1,6
max start
0,0,0,0,0,0
max end
134:133,2,-0.0,179.1,1,1,25
max start
0,0,0,0,0,0,0,0,0,0,0,0,0,0,0,0,0,0,0,0,0,0,0,0,0
max end
137:133,0,0.1,179.1,1,1,26
max start
0,0,0,0,0,0,0,0,0,0,0,0,0,0,0,0,0,0,0,0,0,0,0,0,0,0
max end
137:133,1,0.2,178.5,1,1,27
max start
0,0,0,0,0,0,0,0,0,0,0,0,0,0,0,0,0,0,0,0,0,0,0,0,0,0,0
max end
137:133,2,0.3,179.8,1,1,27
max start
0,0,0,0,0,0,0,0,0,0,0,0,0,0,0,0,0,0,0,0,0,0,0,0,0,0,0
max end
139:134,0,-0.1,6.8,0,0,2
max start
0,0
max end
139:134,1,-0.3,11.4,0,0,2
max start
0,0
max end
76:1,0,3.5,21.1,1,1,3
max start
0,0,0
max end
77:9,0,-0.4,66.8,1,1,4
max start
14,14,14,14
max end
77:9,1,-1.2,60.7,1,1,7
max start
0,0,0,0,0,14,14
max end
77:9,2,-2.0,66.9,1,1,9
max start
0,0,0,0,0,0,0,0,0
max end
77:9,3,-2.8,47.5,0,0,8
max start
0,0,0,0,0,0,0,0
max end
86:41,0,0.3,61.7,1,1,6
max start
0,0,0,14,14,14
max end
86:41,1,1.0,64.4,1,1,10
max start
0,0,0,0,0,0,0,0,0,0
max end
86:41,2,1.7,63.3,1,1,9
max start
0,0,0,0,0,0,0,0,0
max end
86:48,0,10.5,49.4,0,0,3
max start
14,14,14
max end
86:48,1,50.9,59.8,1,1,2
max start
0,0
max end
110:48,0,2.4,68.9,0,0,4
max start
14,14,14,14
max end
110:48,1,0.0,81.1,1,1,13
max start
0,0,0,0,0,0,0,0,0,0,0,0,0
max end
110:48,2,-0.0,80.4,1,1,13
max start
0,0,0,0,0,0,0,0,0,0,0,0,0
max end
142:33,0,-0.4,27.4,0,0,5
max start
0,0,0,0,0
max end
142:33,1,-1.2,14.0,0,0,3
max start
0,0,0
max end
142:25,0,-0.0,36.6,0,0,6
max start
0,0,0,0,0,0
max end
142:25,1,-0.0,16.8,0,0,3
max start
0,0,0
max end
queue_data_format_1_4_end
turning_data_format_1_1
2:9,1,0,536
2:9,1,14,29
2:9,2,0,173
3:2,1,0,740
3:2,1,14,88
3:2,2,0,165
3:2,2,14,8
4:3,0,0,928
4:3,0,14,96
4:2,3,14,21
5:6,0,0,409
5:6,0,14,26
6:4,0,0,928
6:4,0,14,96
6:4,1,14,21
6:10,0,0,630
6:10,0,14,126
7:10,0,0,436
7:10,0,14,62
7:47,0,0,481
7:8,1,0,772
7:8,1,14,114
7:8,1,15,2
8:45,0,0,335
8:7,1,0,330
8:7,1,14,62
8:123,0,0,942
8:123,0,14,112
8:123,0,15,2
9:84,0,0,662
9:84,0,14,29
9:11,0,0,633
9:11,0,14,127
9:11,1,0,16
11:4,1,0,16
11:6,1,0,633
11:6,1,14,127
15:16,0,0,654
16:36,0,0,915
16:36,0,14,14
17:37,0,0,136
17:37,1,0,535
17:37,2,0,551
17:16,1,0,261
17:16,1,14,14
18:19,1,0,397
18:17,0,0,687
18:17,1,0,261
18:17,1,14,14
19:134,0,0,239
19:134,1,0,1429
19:134,1,14,15
19:134,2,0,242
20:18,0,0,204
20:18,0,14,6
20:18,1,0,396
20:130,1,0,3239
20:130,2,0,109
20:87,0,0,355
20:87,1,0,712
21:20,0,0,590
21:20,1,0,302
21:20,1,14,7
21:20,2,0,892
23:22,1,0,1465
23:22,1,14,7
23:22,2,0,207
23:77,0,0,609
23:77,0,14,132
24:89,0,0,73
24:89,2,0,335
24:32,1,0,911
24:32,1,14,14
25:142,0,0,104
25:64,0,0,260
25:24,1,0,454
26:14,0,0,387
26:14,2,0,642
26:14,3,0,169
26:28,0,0,630
28:26,1,0,1218
28:29,0,0,630
29:28,0,0,1218
29:30,0,0,630
30:29,0,0,1218
30:27,0,0,629
27:6,0,0,1
27:6,2,0,120
27:6,2,14,29
27:30,0,0,1218
27:62,0,0,629
31:32,0,0,497
31:32,1,0,59
31:89,1,0,1429
32:25,1,0,59
32:65,0,0,1195
32:65,0,14,14
32:65,1,0,211
33:80,0,0,104
33:57,0,0,648
33:57,0,14,15
33:57,1,0,174
33:142,0,0,735
34:35,0,0,260
36:24,1,0,912
36:24,1,14,14
38:75,1,0,610
38:75,1,14,88
38:75,2,0,140
38:39,1,0,260
39:23,1,0,481
39:23,1,14,132
39:23,2,0,357
39:23,2,14,7
40:5,1,0,406
40:5,1,14,26
40:43,1,0,349
41:73,0,0,104
41:53,0,0,1038
41:53,0,14,29
41:53,0,15,2
41:53,1,0,472
41:123,0,0,383
41:123,0,14,62
41:83,0,0,712
41:83,0,14,8
41:83,0,15,2
41:86,0,0,719
41:86,0,14,98
43:51,0,0,455
44:43,0,0,106
46:8,0,0,182
46:8,1,0,293
46:8,2,0,52
48:108,0,0,1149
48:86,0,0,981
48:86,0,14,65
48:12,0,0,67
48:12,0,14,26
48:12,1,0,331
48:12,2,0,160
48:110,0,0,665
48:110,0,14,59
51:94,1,0,455
53:50,0,0,807
53:50,0,14,8
53:50,1,0,209
53:50,1,14,20
53:50,1,15,2
53:119,0,0,472
54:113,0,0,440
54:40,1,0,246
54:40,1,14,10
54:40,2,0,404
57:19,0,0,1572
57:19,0,14,15
57:17,1,0,294
60:33,1,0,830
60:33,1,14,15
60:33,2,0,352
63:74,0,0,256
63:74,0,14,8
35:17,2,0,260
64:34,0,0,260
65:67,0,0,185
65:67,1,0,26
65:70,0,0,1057
65:70,0,14,14
65:70,1,0,134
66:25,0,0,46
67:69,0,0,165
67:69,1,0,20
67:66,1,0,26
68:101,1,0,159
69:66,0,0,20
70:68,0,0,134
72:31,0,0,254
72:31,1,0,1449
73:85,0,0,104
78:23,0,0,129
78:23,1,0,1337
79:82,0,0,1102
80:61,0,0,104
80:33,1,0,385
61:79,1,0,1104
61:80,0,0,390
83:41,0,0,7
83:41,1,0,71
83:41,2,0,989
83:41,2,14,31
83:41,2,15,3
83:12,0,0,63
83:12,1,0,649
83:12,1,14,8
83:12,1,15,2
50:54,0,0,479
50:54,0,14,8
50:54,1,0,328
50:40,2,0,161
50:40,2,14,16
50:40,3,0,34
50:40,3,15,2
62:27,0,0,138
62:27,0,14,34
62:27,1,0,1218
101:102,1,0,136
102:60,0,0,1220
102:60,0,14,16
81:79,0,0,5
37:87,1,0,1103
37:2,0,0,51
37:2,1,0,548
37:14,0,0,31
37:14,1,0,717
14:15,0,0,654
14:37,1,0,984
14:26,0,0,630
14:112,0,0,242
14:112,1,0,862
112:120,0,0,242
112:89,0,0,63
112:89,1,0,769
114:31,0,0,43
114:31,1,0,302
114:96,0,0,143
119:143,0,0,472
121:5,0,0,17
122:26,0,0,27
85:63,0,0,46
85:63,1,0,58
71:110,0,0,1018
71:110,0,14,73
74:63,0,0,848
74:63,0,14,12
12:48,0,0,39
12:48,1,0,1144
12:83,0,0,1148
12:83,0,14,32
12:83,0,15,3
12:111,0,0,394
12:115,0,0,808
12:115,0,14,8
12:115,0,15,2
42:75,2,0,394
42:128,0,0,330
42:39,0,0,599
42:39,0,14,140
75:125,0,0,1073
75:125,0,14,88
75:42,1,0,330
87:20,0,0,324
87:20,1,0,2474
87:37,0,0,113
87:37,1,0,223
87:88,0,0,712
88:87,0,0,1743
88:93,0,0,712
93:88,0,0,1760
94:41,0,0,73
94:41,1,0,488
89:14,0,0,12
89:14,1,0,831
89:14,2,0,599
89:90,1,0,374
89:31,1,0,767
90:40,0,0,45
90:40,1,0,182
90:40,2,0,349
1:90,0,0,97
96:90,2,0,139
106:113,1,0,42
107:106,0,0,50
10:6,1,0,414
10:6,1,14,62
10:7,0,0,117
10:7,1,0,505
10:7,1,14,123
108:48,1,0,489
111:12,1,0,971
111:12,2,0,407
115:12,0,0,212
115:12,1,0,723
115:12,1,14,7
115:12,1,15,3
123:8,0,0,42
123:8,1,0,327
123:8,1,14,62
123:41,0,0,224
123:41,0,14,8
123:41,0,15,2
123:41,1,0,712
123:41,1,14,103
124:42,1,0,607
124:42,1,14,142
128:42,0,0,46
128:42,1,0,420
130:131,0,0,3232
130:75,0,0,71
130:75,1,0,196
130:20,1,0,480
133:130,1,0,168
133:130,2,0,499
133:18,1,0,786
133:18,1,14,9
133:18,2,0,9
134:139,0,0,239
134:135,0,0,1421
134:135,0,14,15
134:133,1,0,190
134:133,2,0,51
137:133,0,0,487
137:133,1,0,857
137:133,1,14,9
139:134,1,0,23
58:94,0,0,109
59:58,0,0,109
76:1,0,0,103
77:9,0,0,130
77:9,1,0,479
77:9,1,14,127
86:41,0,0,33
86:41,1,0,616
86:41,3,0,319
86:41,3,14,62
86:48,0,0,93
86:48,0,14,36
86:48,1,0,626
86:48,1,14,59
110:48,0,0,5
110:48,1,0,996
110:48,1,14,69
110:71,0,0,665
110:71,0,14,59
142:33,1,0,104
142:25,0,0,260
142:25,1,0,467
turning_data_format_1_1_end
od_data_format_1_1
2:9
start
18,3,0,48
17,3,0,263
9,3,0,80
11,3,0,71
22,3,0,59
22,9,0,35
27,8,0,6
22,8,0,72
26,5,0,4
25,5,0,37
25,3,0,17
27,3,0,1
25,9,0,10
27,7,0,3
25,8,0,6
27,9,0,1
end
3:2
start
4,25,0,70
11,24,0,50
27,23,0,13
27,14,0,3
26,24,0,67
9,1,0,43
9,3,0,87
4,23,0,29
4,20,0,10
8,21,0,16
12,24,0,21
11,27,0,15
11,25,0,3
11,3,0,71
11,1,0,72
27,25,0,4
27,8,0,6
6,25,0,28
9,24,0,159
9,21,0,14
4,21,0,4
8,25,0,60
12,1,0,11
26,5,0,4
0,25,0,14
1,25,0,1
27,24,0,10
27,15,0,6
8,23,0,9
8,20,0,10
12,21,0,4
12,23,0,1
27,7,0,3
4,24,0,2
8,24,0,1
27,9,0,1
27,21,0,1
6,24,0,3
0,12,0,1
11,21,0,1
end
4:3
start
4,25,0,71
11,24,0,50
27,23,0,13
27,14,0,3
26,24,0,69
9,1,0,44
9,3,0,90
4,23,0,29
4,20,0,10
8,21,0,16
12,24,0,21
11,27,0,15
11,25,0,3
11,3,0,71
11,1,0,72
27,25,0,4
27,8,0,6
6,25,0,30
9,24,0,165
9,21,0,15
4,21,0,4
8,25,0,60
12,1,0,11
26,5,0,4
0,25,0,14
1,25,0,1
27,24,0,10
27,15,0,6
8,23,0,9
8,20,0,10
12,21,0,4
12,23,0,1
27,7,0,3
4,24,0,2
8,24,0,1
27,9,0,1
27,21,0,1
6,24,0,3
0,12,0,1
11,21,0,1
end
5:6
start
11,24,0,49
27,23,0,11
27,14,0,1
8,21,0,16
12,24,0,16
11,25,0,3
11,27,0,11
11,3,0,66
11,1,0,70
27,25,0,3
27,8,0,6
8,25,0,51
12,1,0,11
27,24,0,9
27,15,0,5
9,3,0,16
9,24,0,35
9,1,0,12
8,20,0,11
12,21,0,5
9,21,0,2
8,23,0,6
12,23,0,1
27,7,0,3
8,24,0,1
27,21,0,1
11,21,0,1
27,9,0,1
end
6:4
start
4,25,0,75
11,24,0,50
27,23,0,13
27,14,0,3
26,24,0,70
9,1,0,44
9,3,0,92
4,23,0,29
4,20,0,10
8,21,0,16
12,24,0,21
11,27,0,15
11,25,0,3
11,3,0,71
11,1,0,73
27,25,0,4
27,8,0,6
6,25,0,32
9,24,0,167
9,21,0,16
4,21,0,4
8,25,0,60
12,1,0,11
26,5,0,4
27,24,0,10
27,15,0,6
8,23,0,9
8,20,0,11
12,21,0,5
12,23,0,1
27,7,0,3
4,24,0,2
8,24,0,1
27,9,0,1
27,21,0,1
6,24,0,3
11,21,0,1
end
6:10
start
2,9,0,126
0,9,0,193
2,8,0,2
0,7,0,3
25,5,0,95
22,9,0,33
4,9,0,1
25,9,0,36
0,5,0,27
25,8,0,33
27,8,0,6
22,8,0,70
26,5,0,4
0,12,0,1
27,7,0,3
27,9,0,1
end
7:10
start
26,24,0,86
9,3,0,79
9,1,0,33
27,14,0,3
6,25,0,38
9,24,0,141
9,21,0,16
12,24,0,5
11,1,0,9
27,23,0,8
26,5,0,5
8,25,0,10
11,3,0,7
8,23,0,3
27,9,0,1
27,25,0,2
6,24,0,3
11,27,0,5
27,15,0,1
11,24,0,1
27,24,0,2
8,20,0,1
8,21,0,1
end
7:47
start
11,5,0,352
26,5,0,15
25,5,0,87
0,5,0,26
12,5,0,1
end
7:8
start
26,8,0,146
2,9,0,126
0,9,0,192
11,27,0,55
18,9,0,53
2,8,0,2
0,7,0,3
27,14,0,4
27,9,0,9
22,9,0,36
4,9,0,1
25,9,0,36
25,8,0,33
27,8,0,6
12,7,0,4
12,8,0,13
22,8,0,68
0,12,0,1
18,12,0,13
18,27,0,2
11,9,0,5
17,27,0,1
27,7,0,3
26,9,0,3
11,8,0,1
end
8:45
start
6,26,0,293
9,8,0,42
end
8:7
start
9,3,0,79
9,1,0,35
27,14,0,2
6,25,0,49
9,24,0,135
9,21,0,22
26,24,0,36
26,5,0,7
27,23,0,6
27,9,0,1
27,25,0,1
6,24,0,3
27,15,0,1
27,24,0,2
end
8:123
start
6,9,0,182
26,8,0,135
2,9,0,121
0,9,0,180
11,27,0,55
18,9,0,53
2,8,0,2
0,7,0,3
27,14,0,4
27,9,0,9
22,9,0,33
4,9,0,1
25,9,0,36
25,8,0,30
27,8,0,6
12,7,0,4
12,8,0,12
22,8,0,59
0,12,0,1
18,12,0,13
18,27,0,2
11,9,0,5
17,27,0,1
27,7,0,3
26,9,0,3
11,8,0,1
end
9:84
start
25,3,0,43
18,3,0,48
17,3,0,262
0,3,0,104
9,3,0,80
11,3,0,71
22,3,0,57
27,3,0,1
end
9:11
start
2,9,0,126
0,9,0,193
2,8,0,2
0,7,0,3
25,5,0,95
22,9,0,35
25,9,0,36
0,5,0,27
25,8,0,33
27,8,0,6
22,8,0,71
26,5,0,4
0,25,0,14
1,25,0,1
0,12,0,2
27,7,0,3
27,9,0,1
end
11:4
start
0,25,0,14
1,25,0,1
0,12,0,1
end
11:6
start
2,9,0,126
0,9,0,193
2,8,0,2
0,7,0,3
25,5,0,95
22,9,0,33
25,9,0,36
0,5,0,27
25,8,0,33
27,8,0,6
22,8,0,70
26,5,0,4
0,12,0,1
27,7,0,3
27,9,0,1
end
15:16
start
4,15,0,604
4,18,0,28
27,15,0,2
4,16,0,8
14,21,0,12
end
16:36
start
4,15,0,604
4,18,0,28
2,15,0,155
2,18,0,17
22,15,0,71
20,15,0,5
2,16,0,5
27,15,0,7
4,16,0,8
14,21,0,12
22,26,0,3
end
17:37
start
22,8,0,91
22,14,0,193
18,3,0,50
18,27,0,56
18,12,0,79
18,4,0,11
17,3,0,263
17,27,0,26
17,4,0,18
22,9,0,31
22,12,0,62
22,25,0,69
22,23,0,90
22,27,0,68
22,3,0,46
18,13,0,1
18,1,0,25
18,14,0,11
22,26,0,10
0,14,0,2
17,1,0,3
18,23,0,16
27,3,0,1
17,23,0,4
22,4,0,1
25,5,0,7
25,8,0,2
25,3,0,4
11,27,0,1
end
17:16
start
2,15,0,155
2,18,0,17
22,15,0,71
20,15,0,5
2,16,0,5
27,15,0,5
22,26,0,3
end
18:19
start
14,21,0,257
4,21,0,20
4,20,0,44
8,21,0,16
2,21,0,8
25,21,0,6
9,21,0,13
13,21,0,8
14,20,0,5
27,21,0,2
22,13,0,7
22,1,0,2
8,20,0,9
12,21,0,4
2,20,0,2
13,20,0,2
end
18:17
start
22,8,0,94
22,14,0,205
2,15,0,158
2,18,0,18
22,12,0,64
22,9,0,34
22,25,0,72
22,27,0,70
22,15,0,72
22,23,0,97
22,3,0,49
20,15,0,5
2,16,0,6
22,26,0,13
0,14,0,2
27,15,0,5
27,3,0,1
22,4,0,1
18,3,0,4
18,23,0,1
17,23,0,1
25,5,0,7
25,8,0,2
25,3,0,4
11,27,0,1
18,12,0,1
18,27,0,1
17,3,0,2
end
19:134
start
18,21,0,797
18,1,0,90
17,21,0,229
17,20,0,164
19,13,0,5
14,21,0,316
17,1,0,45
4,21,0,20
18,13,0,1
8,21,0,27
4,20,0,43
2,21,0,8
12,21,0,23
25,21,0,6
9,21,0,18
8,20,0,25
13,21,0,8
17,27,0,10
18,27,0,16
14,20,0,5
27,21,0,2
22,13,0,7
22,1,0,2
18,20,0,2
18,23,0,1
18,12,0,23
18,3,0,16
17,3,0,53
17,23,0,1
2,20,0,2
13,20,0,2
12,24,0,1
18,14,0,1
end
20:18
start
2,15,0,181
2,18,0,20
14,21,0,257
4,21,0,20
2,16,0,6
0,14,0,2
4,20,0,44
8,21,0,16
2,21,0,8
25,21,0,6
9,21,0,13
13,21,0,8
27,15,0,6
27,3,0,1
14,20,0,5
27,21,0,2
8,20,0,9
12,21,0,4
2,20,0,2
13,20,0,2
25,5,0,7
25,8,0,2
11,27,0,1
25,3,0,4
end
20:130
start
13,23,0,1709
25,24,0,38
25,23,0,312
2,23,0,407
14,23,0,528
4,23,0,123
27,23,0,14
0,23,0,37
22,23,0,87
27,24,0,4
18,1,0,23
17,1,0,3
18,23,0,19
8,23,0,8
17,23,0,6
25,1,0,6
9,24,0,12
4,24,0,2
12,23,0,1
11,1,0,4
26,24,0,3
11,24,0,5
12,24,0,1
2,24,0,12
9,1,0,1
12,1,0,1
end
20:87
start
25,8,0,17
22,13,0,223
2,12,0,13
2,13,0,398
25,13,0,17
27,14,0,3
22,9,0,10
19,13,0,5
20,13,0,10
25,5,0,32
11,27,0,14
0,13,0,60
22,8,0,26
18,13,0,2
0,12,0,7
22,14,0,85
22,3,0,19
22,27,0,27
22,12,0,25
25,3,0,14
2,14,0,2
22,25,0,13
25,9,0,11
22,26,0,7
17,27,0,7
18,27,0,7
22,4,0,1
0,14,0,1
18,12,0,8
18,3,0,1
17,3,0,5
end
21:20
start
25,24,0,38
25,8,0,19
25,23,0,313
2,15,0,182
2,18,0,20
2,23,0,408
2,12,0,13
2,13,0,398
2,16,0,6
25,13,0,17
27,14,0,3
27,23,0,13
0,23,0,37
0,14,0,3
25,5,0,40
4,23,0,29
4,20,0,10
11,27,0,15
8,21,0,16
2,21,0,8
0,13,0,60
25,21,0,6
9,21,0,13
4,21,0,4
18,13,0,1
0,12,0,7
25,3,0,18
27,15,0,6
2,14,0,2
25,9,0,11
8,23,0,8
8,20,0,9
12,21,0,4
25,1,0,6
9,24,0,12
12,23,0,1
2,20,0,2
27,21,0,1
11,1,0,4
26,24,0,3
11,24,0,5
12,24,0,1
27,24,0,2
2,24,0,12
9,1,0,1
12,1,0,1
end
23:22
start
2,15,0,188
2,18,0,20
2,24,0,180
2,23,0,422
25,23,0,108
0,25,0,89
2,25,0,91
2,12,0,13
2,13,0,405
2,16,0,6
0,23,0,37
0,14,0,3
2,21,0,8
0,13,0,61
0,12,0,6
25,13,0,7
2,14,0,2
25,21,0,2
1,25,0,1
2,20,0,2
1,24,0,43
end
23:77
start
2,9,0,127
25,3,0,26
0,9,0,193
2,8,0,2
0,3,0,104
0,7,0,3
25,5,0,58
25,9,0,26
0,5,0,27
25,8,0,27
0,25,0,14
1,25,0,1
0,12,0,2
end
24:89
start
18,26,0,39
18,8,0,97
18,9,0,67
17,8,0,141
17,7,0,11
18,4,0,28
17,4,0,44
18,27,0,2
18,12,0,13
18,7,0,2
17,27,0,1
18,1,0,1
17,23,0,2
18,23,0,4
17,3,0,1
17,26,0,1
end
24:32
start
4,15,0,604
4,18,0,28
2,15,0,152
2,18,0,17
22,15,0,71
20,15,0,5
2,16,0,5
27,15,0,7
4,16,0,8
14,21,0,12
22,26,0,3
end
25:142
start
14,18,0,22
4,18,0,28
2,18,0,17
8,18,0,20
9,18,0,11
12,18,0,6
7,18,0,1
end
25:64
start
18,1,0,15
18,12,0,43
18,14,0,4
18,27,0,30
18,3,0,20
17,3,0,127
17,1,0,2
18,23,0,9
17,27,0,9
17,23,0,1
end
25:24
start
18,26,0,40
18,8,0,97
18,9,0,68
17,8,0,148
17,7,0,11
18,4,0,28
17,4,0,46
18,27,0,2
18,12,0,13
18,7,0,2
17,27,0,1
18,1,0,2
17,23,0,2
18,23,0,5
17,3,0,1
17,26,0,1
end
26:14
start
4,14,0,152
4,15,0,625
4,27,0,44
4,12,0,188
4,18,0,29
4,23,0,107
27,8,0,9
4,21,0,18
27,7,0,6
27,24,0,3
4,20,0,35
27,3,0,1
27,15,0,2
27,21,0,1
4,16,0,8
4,24,0,2
27,14,0,2
27,9,0,2
27,23,0,1
4,25,0,10
end
26:28
start
14,4,0,533
18,4,0,38
17,4,0,57
22,4,0,2
end
28:26
start
4,14,0,152
4,15,0,625
4,27,0,44
4,12,0,188
4,18,0,29
4,23,0,107
4,21,0,18
4,20,0,35
4,16,0,8
4,24,0,2
4,25,0,10
end
28:29
start
14,4,0,533
18,4,0,38
17,4,0,57
22,4,0,2
end
29:28
start
4,14,0,152
4,15,0,625
4,27,0,44
4,12,0,188
4,18,0,29
4,23,0,107
4,21,0,18
4,20,0,35
4,16,0,8
4,24,0,2
4,25,0,10
end
29:30
start
14,4,0,533
18,4,0,38
17,4,0,57
22,4,0,2
end
30:29
start
4,14,0,152
4,15,0,625
4,27,0,44
4,12,0,188
4,18,0,29
4,23,0,107
4,21,0,18
4,20,0,35
4,16,0,8
4,24,0,2
4,25,0,10
end
30:27
start
14,4,0,533
18,4,0,38
17,4,0,57
22,4,0,2
end
27:6
start
4,25,0,92
4,23,0,29
4,20,0,10
4,9,0,1
4,21,0,4
4,24,0,2
end
27:30
start
4,14,0,152
4,15,0,625
4,27,0,44
4,12,0,188
4,18,0,29
4,23,0,107
4,21,0,18
4,20,0,35
4,16,0,8
4,24,0,2
4,25,0,10
end
27:62
start
14,4,0,532
18,4,0,38
17,4,0,57
22,4,0,2
end
31:32
start
14,16,0,103
14,18,0,22
14,15,0,46
9,15,0,118
12,21,0,22
14,21,0,82
12,15,0,6
8,15,0,25
7,15,0,29
8,16,0,19
8,20,0,18
8,18,0,20
8,21,0,14
9,18,0,11
12,18,0,6
9,21,0,7
27,15,0,1
12,24,0,2
7,18,0,1
14,20,0,1
12,1,0,1
7,16,0,2
end
31:89
start
14,4,0,540
14,21,0,316
14,23,0,587
14,20,0,6
end
32:25
start
14,18,0,21
8,18,0,20
9,18,0,11
12,18,0,6
7,18,0,1
end
32:65
start
14,16,0,103
14,15,0,46
9,15,0,118
4,15,0,604
4,18,0,28
2,15,0,151
2,18,0,17
12,21,0,22
14,21,0,94
12,15,0,6
8,15,0,25
7,15,0,29
8,16,0,19
22,15,0,71
20,15,0,5
2,16,0,5
8,20,0,18
8,21,0,14
9,21,0,7
14,18,0,1
27,15,0,8
4,16,0,8
12,24,0,2
14,20,0,1
12,1,0,1
7,16,0,2
22,26,0,3
end
33:80
start
14,18,0,22
4,18,0,27
2,18,0,17
8,18,0,20
9,18,0,11
12,18,0,6
7,18,0,1
end
33:57
start
17,21,0,242
17,3,0,199
17,20,0,169
17,27,0,27
17,4,0,19
17,1,0,47
14,21,0,72
12,21,0,19
8,20,0,16
8,21,0,11
17,23,0,3
9,21,0,5
12,24,0,1
end
33:142
start
18,26,0,40
18,8,0,99
18,9,0,69
17,8,0,150
17,7,0,11
18,1,0,19
18,12,0,56
18,14,0,5
18,27,0,32
18,3,0,20
18,4,0,29
17,3,0,128
17,1,0,2
18,23,0,14
17,27,0,10
17,4,0,47
18,7,0,2
17,23,0,3
17,26,0,1
end
34:35
start
18,1,0,15
18,12,0,43
18,14,0,4
18,27,0,30
18,3,0,20
17,3,0,127
17,1,0,2
18,23,0,9
17,27,0,9
17,23,0,1
end
36:24
start
4,15,0,604
4,18,0,28
2,15,0,155
2,18,0,17
22,15,0,71
20,15,0,5
2,16,0,5
27,15,0,7
4,16,0,8
14,21,0,12
22,26,0,3
end
38:75
start
2,24,0,164
25,24,0,132
11,24,0,43
26,24,0,61
9,1,0,38
25,1,0,29
12,24,0,19
11,1,0,63
9,24,0,136
12,1,0,10
27,24,0,7
4,24,0,2
1,24,0,43
8,24,0,1
6,24,0,2
end
38:39
start
25,23,0,126
25,3,0,26
25,5,0,67
25,9,0,28
25,8,0,29
25,13,0,10
25,21,0,2
end
39:23
start
25,23,0,112
25,3,0,26
0,9,0,193
0,25,0,112
0,23,0,37
0,3,0,104
0,14,0,3
0,7,0,3
0,5,0,27
25,5,0,58
25,9,0,26
0,13,0,67
25,8,0,27
0,12,0,8
1,25,0,2
25,13,0,9
25,21,0,2
1,24,0,43
end
40:5
start
11,24,0,54
27,23,0,8
27,14,0,1
8,21,0,17
12,24,0,18
11,25,0,3
11,27,0,11
11,3,0,69
11,1,0,86
27,25,0,2
8,25,0,53
12,1,0,14
27,15,0,5
27,24,0,6
9,3,0,18
9,24,0,41
9,1,0,13
8,20,0,12
12,21,0,7
9,21,0,4
8,23,0,6
12,23,0,1
8,24,0,1
27,21,0,1
11,21,0,1
end
40:43
start
27,8,0,52
18,8,0,90
17,8,0,114
17,7,0,8
22,8,0,23
27,7,0,33
11,8,0,1
25,8,0,9
12,8,0,16
18,7,0,1
12,7,0,2
end
41:73
start
9,12,0,26
7,11,0,13
7,12,0,4
8,12,0,10
8,11,0,33
9,15,0,6
27,14,0,1
8,15,0,1
8,14,0,1
8,21,0,3
8,25,0,5
9,18,0,1
end
41:53
start
9,12,0,150
9,15,0,140
9,11,0,3
7,11,0,98
7,27,0,123
7,15,0,37
8,27,0,164
8,15,0,29
8,11,0,126
8,21,0,39
8,16,0,22
8,25,0,62
8,12,0,65
8,14,0,25
9,27,0,163
8,20,0,38
8,18,0,23
7,12,0,55
9,14,0,13
9,18,0,10
9,24,0,75
9,1,0,21
9,3,0,27
11,27,0,37
7,14,0,11
9,21,0,14
8,23,0,10
27,14,0,3
0,12,0,1
8,24,0,2
18,12,0,13
18,27,0,2
7,18,0,1
7,16,0,2
17,27,0,1
end
41:123
start
9,3,0,82
9,1,0,36
9,8,0,43
27,14,0,2
9,24,0,136
9,21,0,22
26,24,0,45
26,5,0,7
27,23,0,8
27,9,0,3
27,25,0,1
27,15,0,4
27,24,0,3
end
41:83
start
26,8,0,188
27,7,0,45
27,8,0,77
9,8,0,42
18,8,0,90
17,8,0,114
17,7,0,8
22,8,0,73
11,8,0,2
2,8,0,2
0,7,0,3
25,8,0,33
12,8,0,28
12,7,0,6
18,7,0,1
end
41:86
start
6,9,0,182
2,9,0,118
0,9,0,179
11,27,0,55
18,9,0,53
27,14,0,4
27,9,0,9
22,9,0,33
4,9,0,1
25,9,0,36
7,9,0,5
22,8,0,6
26,8,0,9
25,8,0,2
0,12,0,1
18,12,0,13
18,27,0,2
11,9,0,5
8,9,0,2
17,27,0,1
26,9,0,3
end
43:51
start
26,8,0,39
27,8,0,52
9,8,0,42
26,24,0,20
18,8,0,90
17,8,0,114
17,7,0,8
27,7,0,33
22,8,0,23
11,8,0,1
26,5,0,5
25,8,0,9
12,8,0,16
18,7,0,1
12,7,0,2
end
44:43
start
26,8,0,39
9,8,0,42
26,24,0,20
26,5,0,5
end
46:8
start
6,26,0,310
6,9,0,205
6,25,0,62
6,24,0,3
end
48:108
start
7,10,0,938
8,10,0,206
9,10,0,5
end
48:86
start
9,12,0,185
9,3,0,110
9,1,0,58
9,15,0,149
9,11,0,4
9,8,0,44
9,24,0,218
9,27,0,166
9,21,0,37
9,14,0,14
9,18,0,11
end
48:12
start
10,7,0,346
10,8,0,143
11,27,0,55
27,14,0,4
22,8,0,6
26,8,0,9
25,8,0,2
0,12,0,1
18,12,0,13
18,27,0,2
17,27,0,1
end
48:110
start
6,9,0,182
7,9,0,38
8,9,0,8
2,9,0,118
0,9,0,179
18,9,0,53
27,9,0,9
22,9,0,33
4,9,0,1
25,9,0,36
11,9,0,5
26,9,0,3
end
51:94
start
26,8,0,39
27,8,0,52
9,8,0,42
26,24,0,20
18,8,0,90
17,8,0,114
17,7,0,8
27,7,0,33
22,8,0,23
11,8,0,1
26,5,0,5
25,8,0,9
12,8,0,16
18,7,0,1
12,7,0,2
end
53:50
start
9,12,0,143
9,15,0,131
9,11,0,3
7,11,0,93
7,15,0,32
8,15,0,28
8,11,0,116
8,21,0,34
8,16,0,20
8,25,0,60
8,12,0,62
8,14,0,25
8,20,0,34
8,18,0,21
7,12,0,50
9,14,0,12
9,18,0,10
9,24,0,67
9,1,0,19
9,3,0,22
7,14,0,11
9,21,0,14
8,23,0,10
27,14,0,2
8,24,0,2
0,12,0,1
18,12,0,13
7,18,0,1
7,16,0,2
end
53:119
start
7,27,0,123
8,27,0,160
9,27,0,151
11,27,0,35
18,27,0,2
17,27,0,1
end
54:113
start
9,15,0,134
12,21,0,10
11,8,0,1
8,15,0,29
7,15,0,32
8,16,0,20
8,14,0,25
8,20,0,18
8,18,0,21
8,21,0,16
9,14,0,11
9,18,0,11
12,18,0,6
7,14,0,11
9,21,0,7
12,15,0,4
27,14,0,3
12,7,0,2
12,8,0,3
7,18,0,1
12,1,0,1
12,24,0,1
11,27,0,9
11,1,0,11
11,5,0,51
7,16,0,2
11,3,0,6
11,24,0,5
11,25,0,1
11,9,0,3
end
54:40
start
11,24,0,57
11,5,0,317
12,24,0,19
11,25,0,2
11,27,0,65
11,3,0,75
11,1,0,91
12,1,0,10
12,7,0,4
12,8,0,14
12,21,0,7
11,9,0,4
8,25,0,5
12,5,0,1
11,21,0,1
11,8,0,1
end
57:19
start
18,21,0,821
18,1,0,90
17,21,0,239
17,20,0,167
19,13,0,5
17,1,0,46
18,13,0,2
14,21,0,71
12,21,0,19
8,20,0,16
8,21,0,11
17,27,0,10
18,27,0,16
9,21,0,5
18,20,0,2
18,23,0,1
18,12,0,23
18,3,0,16
17,3,0,62
17,23,0,1
12,24,0,1
18,14,0,1
end
57:17
start
18,3,0,27
18,27,0,25
18,12,0,35
18,4,0,11
17,3,0,135
17,27,0,17
17,4,0,19
18,13,0,1
18,1,0,10
18,14,0,7
17,1,0,1
18,23,0,6
17,23,0,2
end
60:33
start
17,3,0,339
17,21,0,252
17,8,0,155
17,7,0,11
17,27,0,38
17,20,0,172
17,4,0,67
17,1,0,49
12,21,0,19
14,21,0,78
8,20,0,16
8,21,0,11
17,23,0,6
9,21,0,5
12,24,0,1
17,26,0,1
end
63:74
start
9,11,0,3
7,11,0,106
8,11,0,147
end
35:17
start
18,1,0,15
18,12,0,43
18,14,0,4
18,27,0,30
18,3,0,20
17,3,0,127
17,1,0,2
18,23,0,9
17,27,0,9
17,23,0,1
end
64:34
start
18,1,0,15
18,12,0,43
18,14,0,4
18,27,0,30
18,3,0,20
17,3,0,127
17,1,0,2
18,23,0,9
17,27,0,9
17,23,0,1
end
65:67
start
14,16,0,103
4,18,0,28
2,18,0,17
8,16,0,19
2,16,0,5
8,20,0,1
14,18,0,1
4,16,0,8
14,21,0,18
14,20,0,1
12,24,0,1
7,16,0,2
22,26,0,3
8,21,0,1
9,21,0,2
12,21,0,1
end
65:70
start
14,15,0,46
9,15,0,118
4,15,0,604
2,15,0,149
12,21,0,21
14,21,0,76
12,15,0,6
8,15,0,25
7,15,0,29
22,15,0,71
20,15,0,5
8,20,0,17
8,21,0,13
9,21,0,5
27,15,0,8
12,24,0,1
12,1,0,1
end
66:25
start
4,18,0,28
2,18,0,17
14,18,0,1
end
67:69
start
14,16,0,103
8,16,0,19
2,16,0,5
8,20,0,1
2,18,0,9
4,18,0,10
14,18,0,1
4,16,0,8
14,21,0,18
14,20,0,1
12,24,0,1
7,16,0,2
22,26,0,3
8,21,0,1
9,21,0,2
12,21,0,1
end
67:66
start
4,18,0,18
2,18,0,8
end
68:101
start
12,21,0,22
14,21,0,94
8,20,0,18
8,21,0,14
9,21,0,7
12,24,0,2
14,20,0,1
22,26,0,3
12,1,0,1
end
69:66
start
2,18,0,9
4,18,0,10
14,18,0,1
end
70:68
start
12,21,0,21
14,21,0,76
8,20,0,17
8,21,0,13
9,21,0,5
12,24,0,1
12,1,0,1
end
72:31
start
14,16,0,105
14,4,0,559
14,21,0,406
14,23,0,609
14,18,0,23
14,15,0,46
14,20,0,7
end
73:85
start
9,12,0,26
7,11,0,13
7,12,0,4
8,12,0,10
8,11,0,33
9,15,0,6
27,14,0,1
8,15,0,1
8,14,0,1
8,21,0,3
8,25,0,5
9,18,0,1
end
78:23
start
2,15,0,193
2,18,0,20
2,24,0,189
2,23,0,431
2,9,0,130
2,25,0,94
2,13,0,424
2,12,0,14
2,16,0,7
2,8,0,2
2,21,0,8
2,14,0,2
2,20,0,2
end
79:82
start
18,21,0,831
18,3,0,43
18,1,0,100
18,27,0,41
18,12,0,58
18,4,0,11
19,13,0,5
18,13,0,3
18,14,0,8
18,23,0,7
18,20,0,2
end
80:61
start
14,18,0,22
4,18,0,27
2,18,0,17
8,18,0,20
12,18,0,6
9,18,0,11
7,18,0,1
end
80:33
start
18,26,0,40
18,8,0,101
18,9,0,71
18,1,0,20
18,12,0,56
18,14,0,5
18,27,0,32
18,3,0,20
18,4,0,29
18,23,0,14
18,7,0,2
end
61:79
start
18,21,0,836
18,3,0,43
18,1,0,100
18,27,0,41
18,12,0,58
18,4,0,11
18,13,0,3
18,14,0,8
18,23,0,7
18,20,0,2
end
61:80
start
18,26,0,40
18,8,0,101
18,9,0,71
18,1,0,20
18,12,0,56
18,14,0,5
18,27,0,32
18,3,0,20
18,4,0,29
18,23,0,14
18,7,0,2
end
83:41
start
7,11,0,119
7,27,0,135
7,15,0,43
8,27,0,170
8,15,0,31
8,11,0,176
8,21,0,45
8,16,0,23
8,25,0,71
8,12,0,82
8,14,0,28
8,20,0,41
8,18,0,24
7,12,0,64
11,27,0,41
7,14,0,12
8,23,0,10
27,14,0,4
7,9,0,5
0,12,0,1
8,9,0,2
8,24,0,2
18,12,0,13
18,27,0,2
7,18,0,1
7,16,0,2
17,27,0,1
end
83:12
start
26,8,0,188
27,7,0,45
27,8,0,77
9,8,0,42
18,8,0,90
17,8,0,114
17,7,0,8
22,8,0,73
11,8,0,2
2,8,0,2
0,7,0,3
25,8,0,33
12,8,0,28
12,7,0,6
18,7,0,1
end
50:54
start
9,12,0,143
9,15,0,128
9,11,0,3
7,11,0,93
7,15,0,32
8,15,0,28
8,11,0,114
8,16,0,20
8,12,0,62
8,14,0,24
8,20,0,18
8,18,0,21
7,12,0,50
8,21,0,13
9,14,0,11
9,18,0,10
7,14,0,11
9,21,0,7
27,14,0,2
0,12,0,1
18,12,0,13
7,18,0,1
7,16,0,2
end
50:40
start
8,21,0,19
8,25,0,59
9,24,0,60
9,3,0,22
9,1,0,17
8,23,0,9
8,20,0,15
9,21,0,6
8,24,0,2
end
62:27
start
4,14,0,153
4,15,0,631
4,27,0,45
4,12,0,190
4,18,0,29
4,25,0,104
4,23,0,137
4,21,0,24
4,20,0,45
4,9,0,1
4,16,0,8
4,24,0,4
end
101:102
start
12,21,0,20
14,21,0,94
8,20,0,17
8,21,0,14
9,21,0,7
12,24,0,2
14,20,0,1
22,26,0,3
12,1,0,1
end
102:60
start
17,3,0,357
17,21,0,268
17,8,0,155
17,7,0,13
17,27,0,39
17,20,0,188
17,4,0,70
17,1,0,53
12,21,0,19
14,21,0,84
8,20,0,16
8,21,0,11
17,23,0,6
9,21,0,5
12,24,0,1
17,26,0,2
end
81:79
start
19,13,0,5
end
82:99
start
18,21,0,824
18,3,0,43
18,1,0,100
18,27,0,41
18,12,0,58
18,4,0,11
19,13,0,5
18,13,0,3
18,14,0,8
18,23,0,7
18,20,0,2
end
37:87
start
14,21,0,267
14,23,0,539
4,23,0,99
4,21,0,17
22,23,0,89
27,24,0,3
18,1,0,25
17,1,0,3
18,23,0,20
4,20,0,35
27,3,0,1
14,20,0,5
27,21,0,1
17,23,0,6
4,24,0,2
27,23,0,1
4,25,0,7
end
37:2
start
18,3,0,49
17,3,0,267
22,25,0,81
22,3,0,63
22,9,0,38
22,8,0,78
18,13,0,1
25,5,0,37
25,3,0,17
27,3,0,1
25,9,0,10
25,8,0,6
end
37:14
start
22,8,0,33
22,14,0,266
18,27,0,62
18,12,0,86
18,4,0,11
17,27,0,33
25,8,0,12
22,9,0,3
17,4,0,18
22,12,0,85
22,27,0,93
2,12,0,12
27,14,0,3
11,27,0,15
18,14,0,11
22,26,0,17
0,14,0,3
0,12,0,7
2,14,0,2
22,4,0,2
end
14:15
start
4,15,0,604
4,18,0,28
27,15,0,2
4,16,0,8
14,21,0,12
end
14:37
start
14,21,0,270
14,23,0,548
4,23,0,101
4,21,0,17
27,24,0,3
4,20,0,35
27,3,0,1
14,20,0,6
27,21,0,1
4,24,0,2
18,23,0,4
17,23,0,2
18,1,0,1
27,23,0,1
4,25,0,8
end
14:26
start
14,4,0,533
18,4,0,38
17,4,0,57
22,4,0,2
end
14:112
start
4,14,0,147
4,27,0,44
4,12,0,183
22,8,0,31
22,14,0,254
18,27,0,62
18,12,0,86
27,8,0,6
27,7,0,5
25,8,0,12
17,27,0,33
22,9,0,3
22,12,0,80
22,27,0,88
27,14,0,4
2,12,0,11
11,27,0,15
18,14,0,11
22,26,0,16
0,14,0,3
0,12,0,7
2,14,0,2
27,9,0,1
end
112:120
start
4,27,0,44
18,27,0,62
17,27,0,33
22,27,0,88
11,27,0,15
end
112:89
start
4,14,0,147
4,12,0,183
22,8,0,31
22,14,0,254
18,12,0,86
27,8,0,6
27,7,0,5
25,8,0,12
22,9,0,3
22,12,0,80
2,12,0,11
27,14,0,4
18,14,0,11
22,26,0,16
0,14,0,3
0,12,0,7
2,14,0,2
27,9,0,1
end
114:31
start
9,15,0,118
12,21,0,22
12,15,0,6
7,15,0,29
8,15,0,25
8,16,0,19
8,14,0,20
8,20,0,18
8,18,0,20
9,14,0,9
8,21,0,14
9,18,0,11
12,18,0,6
7,14,0,9
9,21,0,7
27,14,0,5
27,15,0,1
12,24,0,2
7,18,0,1
12,1,0,1
7,16,0,2
end
114:96
start
27,25,0,1
12,24,0,8
27,7,0,11
11,8,0,1
12,1,0,6
12,8,0,16
27,8,0,11
27,23,0,6
27,24,0,1
12,21,0,2
12,23,0,1
8,21,0,2
27,9,0,1
12,7,0,2
11,27,0,9
11,1,0,10
11,5,0,46
11,3,0,6
11,24,0,5
11,25,0,1
11,9,0,3
end
119:143
start
7,27,0,123
8,27,0,160
9,27,0,151
11,27,0,35
18,27,0,2
17,27,0,1
end
121:5
start
27,8,0,10
27,24,0,3
27,25,0,1
27,7,0,4
27,23,0,3
27,9,0,1
27,18,0,1
27,15,0,1
end
122:26
start
27,8,0,9
27,7,0,6
27,24,0,3
27,3,0,1
27,15,0,2
27,21,0,1
27,14,0,2
27,9,0,2
27,23,0,1
end
85:63
start
9,12,0,26
7,11,0,13
7,12,0,4
8,12,0,10
8,11,0,33
9,15,0,6
27,14,0,1
8,14,0,1
8,15,0,1
8,21,0,3
8,25,0,5
9,18,0,1
end
71:110
start
9,12,0,194
9,3,0,112
9,1,0,62
9,15,0,161
9,11,0,4
9,8,0,45
9,24,0,230
9,27,0,185
9,21,0,39
9,14,0,16
9,18,0,11
9,10,0,5
end
74:63
start
11,24,0,69
11,12,0,127
11,5,0,394
11,25,0,5
11,3,0,92
11,27,0,79
11,1,0,109
11,8,0,2
11,9,0,7
11,21,0,1
end
12:48
start
7,10,0,938
7,9,0,33
8,10,0,206
8,9,0,6
end
12:83
start
7,11,0,127
7,27,0,144
7,15,0,45
8,27,0,178
8,15,0,31
8,11,0,181
8,21,0,45
8,16,0,23
8,25,0,74
8,12,0,82
8,14,0,29
8,20,0,42
8,18,0,24
7,12,0,68
11,27,0,46
7,14,0,14
8,23,0,10
27,14,0,4
7,9,0,5
0,12,0,1
8,9,0,2
8,24,0,2
18,12,0,13
18,27,0,2
7,18,0,2
7,16,0,2
17,27,0,1
end
12:111
start
27,7,0,45
10,7,0,331
17,7,0,8
0,7,0,3
12,7,0,6
18,7,0,1
end
12:115
start
26,8,0,197
27,8,0,77
9,8,0,42
10,8,0,143
18,8,0,90
17,8,0,114
22,8,0,79
11,8,0,2
2,8,0,2
25,8,0,35
12,8,0,28
end
42:75
start
1,24,0,420
end
42:128
start
18,1,0,100
22,1,0,42
9,1,0,38
25,1,0,34
17,1,0,39
11,1,0,67
12,1,0,10
end
42:39
start
0,25,0,124
0,9,0,210
0,23,0,43
0,3,0,113
0,14,0,3
0,5,0,28
0,7,0,4
0,13,0,74
0,12,0,8
1,25,0,3
1,24,0,43
end
75:125
start
1,24,0,437
25,24,0,169
2,24,0,172
11,24,0,48
26,24,0,64
27,24,0,11
12,24,0,21
9,24,0,146
4,24,0,4
8,24,0,1
6,24,0,2
end
75:42
start
18,1,0,102
22,1,0,43
9,1,0,39
25,1,0,34
17,1,0,41
11,1,0,67
12,1,0,10
end
87:20
start
13,23,0,1733
14,21,0,262
14,23,0,535
4,23,0,97
4,21,0,17
22,23,0,89
27,24,0,3
18,1,0,24
13,21,0,8
17,1,0,3
18,23,0,20
4,20,0,35
27,3,0,1
14,20,0,5
27,21,0,1
17,23,0,6
4,24,0,2
13,20,0,2
27,23,0,1
4,25,0,2
end
87:37
start
25,8,0,17
2,12,0,13
27,14,0,3
22,9,0,10
25,5,0,32
11,27,0,14
22,8,0,26
0,12,0,7
22,14,0,85
22,3,0,19
22,27,0,27
22,12,0,25
25,3,0,14
2,14,0,2
22,25,0,13
25,9,0,11
22,26,0,7
17,27,0,7
18,27,0,7
22,4,0,1
0,14,0,1
18,12,0,8
18,3,0,1
17,3,0,5
end
87:88
start
22,13,0,223
2,13,0,395
25,13,0,17
19,13,0,5
20,13,0,10
0,13,0,60
18,13,0,2
end
88:87
start
13,23,0,1750
13,21,0,8
13,20,0,2
end
88:93
start
22,13,0,223
2,13,0,395
25,13,0,17
19,13,0,5
20,13,0,10
0,13,0,60
18,13,0,2
end
93:88
start
13,23,0,1773
13,21,0,8
13,20,0,2
end
94:41
start
26,8,0,69
27,14,0,2
27,7,0,42
27,8,0,71
9,8,0,42
26,24,0,45
18,8,0,90
17,8,0,114
17,7,0,8
22,8,0,23
11,8,0,1
26,5,0,7
25,8,0,9
12,8,0,16
27,23,0,10
18,7,0,1
27,9,0,4
27,25,0,1
27,15,0,4
12,7,0,2
27,24,0,3
end
89:14
start
14,4,0,536
14,21,0,306
14,23,0,581
18,4,0,27
17,4,0,39
14,20,0,6
18,1,0,1
17,23,0,2
18,23,0,4
end
89:90
start
18,26,0,30
18,8,0,92
18,9,0,60
17,8,0,127
17,7,0,9
22,8,0,25
27,8,0,6
27,7,0,4
25,8,0,10
22,9,0,3
22,26,0,14
18,27,0,2
18,12,0,13
18,7,0,1
17,27,0,1
27,9,0,1
end
89:31
start
4,14,0,147
4,12,0,182
22,14,0,241
18,12,0,83
22,12,0,79
27,14,0,4
2,12,0,10
18,14,0,11
0,14,0,3
0,12,0,7
2,14,0,2
end
90:40
start
27,23,0,13
27,14,0,6
27,8,0,52
18,26,0,27
18,8,0,91
18,9,0,57
27,25,0,4
17,8,0,115
17,7,0,8
22,8,0,24
27,7,0,33
12,24,0,8
11,8,0,1
27,9,0,8
25,8,0,10
22,9,0,3
12,1,0,6
12,8,0,16
27,15,0,7
27,24,0,9
22,26,0,12
18,12,0,13
18,27,0,2
12,21,0,2
12,23,0,1
18,7,0,1
17,27,0,1
8,21,0,2
27,21,0,3
12,7,0,2
11,27,0,7
11,1,0,9
11,5,0,43
11,3,0,5
11,24,0,5
11,25,0,1
11,9,0,2
27,3,0,1
end
1:90
start
27,23,0,8
27,14,0,6
27,8,0,41
27,7,0,19
27,25,0,3
27,9,0,6
27,15,0,8
27,24,0,8
27,21,0,3
27,3,0,1
end
96:90
start
27,25,0,1
12,24,0,8
27,7,0,11
11,8,0,1
12,1,0,6
12,8,0,16
27,8,0,11
27,23,0,5
27,24,0,1
12,21,0,2
12,23,0,1
8,21,0,2
27,9,0,1
12,7,0,2
11,27,0,7
11,1,0,10
11,5,0,45
11,3,0,5
11,24,0,5
11,25,0,1
11,9,0,2
end
106:113
start
27,25,0,1
27,7,0,14
27,8,0,18
27,23,0,6
27,24,0,2
27,15,0,2
27,14,0,4
27,9,0,2
27,21,0,1
end
107:106
start
27,25,0,1
27,7,0,15
27,8,0,22
27,23,0,7
27,24,0,2
27,15,0,2
27,14,0,5
27,9,0,3
27,21,0,1
end
10:6
start
26,24,0,76
9,3,0,78
9,1,0,33
27,14,0,3
6,25,0,34
9,24,0,140
9,21,0,15
12,24,0,5
11,1,0,8
27,23,0,6
26,5,0,4
8,25,0,10
11,3,0,7
8,23,0,3
27,25,0,1
27,9,0,1
6,24,0,3
11,27,0,4
27,15,0,1
11,24,0,1
27,24,0,2
8,20,0,1
end
10:7
start
2,9,0,126
0,9,0,192
2,8,0,2
0,7,0,3
25,5,0,92
22,9,0,33
4,9,0,1
25,9,0,36
0,5,0,27
25,8,0,33
27,8,0,6
22,8,0,70
26,5,0,4
0,12,0,1
27,7,0,3
27,9,0,1
end
108:48
start
10,7,0,384
10,8,0,151
end
111:12
start
7,10,0,949
7,11,0,135
7,27,0,152
7,15,0,48
7,9,0,38
7,12,0,73
7,14,0,15
7,18,0,2
7,16,0,2
end
115:12
start
8,27,0,192
8,15,0,34
8,11,0,201
8,16,0,28
8,21,0,50
8,25,0,83
8,10,0,223
8,12,0,94
8,20,0,48
8,14,0,33
8,9,0,8
8,18,0,26
8,23,0,13
8,24,0,4
end
123:8
start
9,3,0,82
9,1,0,36
9,8,0,42
27,14,0,2
9,24,0,136
9,21,0,22
26,24,0,41
26,5,0,7
27,23,0,7
27,9,0,2
27,25,0,1
27,15,0,2
27,24,0,3
end
123:41
start
6,9,0,182
26,8,0,131
2,9,0,118
0,9,0,179
11,27,0,55
18,9,0,53
2,8,0,2
0,7,0,3
27,14,0,4
27,9,0,9
22,9,0,33
4,9,0,1
25,9,0,36
25,8,0,29
27,8,0,6
12,7,0,4
12,8,0,12
22,8,0,56
0,12,0,1
18,12,0,13
18,27,0,2
11,9,0,5
17,27,0,1
27,7,0,3
26,9,0,3
11,8,0,1
end
124:42
start
0,25,0,139
0,9,0,220
0,23,0,46
0,3,0,126
0,14,0,3
0,5,0,31
0,7,0,4
0,13,0,80
0,12,0,8
end
128:42
start
1,24,0,497
1,25,0,3
end
130:131
start
13,23,0,1709
25,23,0,304
2,23,0,404
14,23,0,528
4,23,0,123
27,23,0,14
0,23,0,36
22,23,0,87
18,23,0,19
8,23,0,8
17,23,0,6
12,23,0,1
end
130:75
start
25,24,0,37
18,1,0,107
22,1,0,43
27,24,0,4
17,1,0,43
25,1,0,5
9,24,0,12
4,24,0,2
11,1,0,4
26,24,0,3
11,24,0,5
12,24,0,2
2,24,0,8
9,1,0,1
12,1,0,1
end
130:20
start
22,13,0,223
22,9,0,11
19,13,0,5
20,13,0,13
22,8,0,26
18,13,0,1
22,14,0,88
22,27,0,31
22,3,0,21
22,12,0,26
22,25,0,14
22,26,0,7
17,27,0,7
18,27,0,7
22,4,0,1
18,12,0,8
18,3,0,2
17,3,0,7
22,23,0,1
end
133:130
start
22,13,0,225
18,1,0,84
22,1,0,43
22,9,0,11
19,13,0,5
20,13,0,14
17,1,0,40
22,8,0,26
18,13,0,1
22,14,0,89
22,27,0,31
22,3,0,22
22,12,0,26
22,25,0,14
22,26,0,7
17,27,0,7
18,27,0,7
22,4,0,1
18,12,0,8
18,3,0,4
17,3,0,10
12,24,0,1
22,23,0,1
end
133:18
start
22,8,0,97
22,14,0,223
22,12,0,72
22,9,0,36
22,25,0,79
22,15,0,94
22,27,0,71
22,23,0,109
22,3,0,52
20,15,0,8
22,26,0,14
22,13,0,7
22,1,0,2
22,4,0,1
18,23,0,1
18,3,0,11
17,23,0,1
18,27,0,5
18,12,0,9
17,3,0,16
end
134:139
start
17,20,0,161
4,20,0,43
8,20,0,25
14,20,0,5
18,20,0,1
2,20,0,2
13,20,0,2
end
134:135
start
18,21,0,793
17,21,0,220
14,21,0,304
4,21,0,20
8,21,0,27
2,21,0,8
12,21,0,23
25,21,0,6
9,21,0,18
13,21,0,8
27,21,0,2
end
134:133
start
18,1,0,84
20,15,0,8
19,13,0,5
20,13,0,15
17,1,0,41
18,13,0,1
17,27,0,9
18,27,0,16
22,13,0,7
22,1,0,2
18,23,0,1
18,12,0,20
18,3,0,15
17,3,0,38
17,23,0,1
12,24,0,1
18,14,0,1
end
137:133
start
22,8,0,123
22,14,0,322
22,13,0,234
22,12,0,102
22,9,0,48
22,25,0,98
22,15,0,95
22,27,0,105
22,23,0,111
22,3,0,74
22,1,0,43
22,26,0,21
22,4,0,2
end
139:134
start
20,15,0,8
20,13,0,15
end
58:94
start
26,8,0,30
27,14,0,2
27,7,0,9
27,8,0,19
26,5,0,2
26,24,0,25
27,23,0,10
27,9,0,4
27,25,0,1
27,15,0,4
27,24,0,3
end
59:58
start
26,8,0,30
27,14,0,2
27,7,0,9
27,8,0,19
26,5,0,2
26,24,0,25
27,23,0,10
27,9,0,4
27,25,0,1
27,15,0,4
27,24,0,3
end
76:1
start
27,23,0,9
27,14,0,6
27,8,0,42
27,7,0,20
27,25,0,3
27,9,0,6
27,15,0,8
27,24,0,8
27,21,0,3
27,3,0,1
end
77:9
start
2,9,0,126
25,3,0,26
0,9,0,193
2,8,0,2
0,3,0,104
0,7,0,3
25,5,0,58
25,9,0,26
0,5,0,27
25,8,0,27
0,25,0,14
1,25,0,1
0,12,0,2
end
86:41
start
9,12,0,180
9,3,0,110
9,1,0,58
9,15,0,148
9,11,0,4
9,8,0,44
9,24,0,214
9,27,0,163
9,21,0,36
9,14,0,13
9,18,0,11
end
86:48
start
6,9,0,182
2,9,0,118
0,9,0,179
11,27,0,55
18,9,0,53
27,14,0,4
27,9,0,9
22,9,0,33
4,9,0,1
25,9,0,36
7,9,0,5
22,8,0,6
26,8,0,9
25,8,0,2
0,12,0,1
18,12,0,13
18,27,0,2
11,9,0,5
8,9,0,2
17,27,0,1
26,9,0,3
end
110:48
start
9,12,0,187
9,3,0,111
9,1,0,59
9,15,0,153
9,11,0,4
9,8,0,44
9,24,0,222
9,27,0,171
9,21,0,37
9,14,0,14
9,18,0,11
9,10,0,5
end
110:71
start
6,9,0,182
7,9,0,38
8,9,0,8
2,9,0,118
0,9,0,179
18,9,0,53
27,9,0,9
22,9,0,33
4,9,0,1
25,9,0,36
11,9,0,5
26,9,0,3
end
142:33
start
14,18,0,22
4,18,0,27
2,18,0,17
8,18,0,20
12,18,0,6
9,18,0,11
7,18,0,1
end
142:25
start
18,26,0,40
18,8,0,99
18,9,0,69
17,8,0,148
17,7,0,11
18,1,0,19
18,12,0,56
18,14,0,5
18,27,0,32
18,3,0,20
18,4,0,29
17,3,0,128
17,1,0,2
18,23,0,14
17,27,0,10
17,4,0,47
18,7,0,2
17,23,0,3
17,26,0,1
end
od_data_format_1_1_end
