1,0,1,0,54.05,17,24.400,13.841,14.290,0.000,14.290,13.841,0.000,8442.841,0.000,8442.841,24.400,0.000,0.000,17.000,0.000,17.000,25.000,0.000,25.000,0,0,0
3,0,2,0,740.72,7,33.833,14.134,14.720,0.000,14.720,14.134,0.000,17215.136,0.000,17215.136,33.833,0.000,0.028,7.000,0.000,7.000,36.000,0.000,36.000,0,0,0
4,0,3,0,759.48,19,33.500,14.092,13.777,0.000,13.777,14.092,0.000,29268.945,0.000,29268.945,33.500,0.000,0.016,19.000,0.000,19.000,62.000,0.000,62.000,0,0,0
6,0,4,0,705.87,11,36.923,14.197,13.443,0.000,13.443,14.197,0.000,40887.008,0.000,40887.008,36.923,0.000,0.013,11.000,0.000,11.000,78.000,0.000,78.000,0,0,0
8,0,5,0,810.79,15,36.569,14.169,13.726,0.000,13.726,14.169,0.000,52850.153,0.000,52850.153,36.569,0.000,0.010,15.000,0.000,15.000,102.000,0.000,102.000,0,0,0
9,0,6,0,937.47,21,36.000,14.180,14.861,0.000,14.861,14.180,0.000,66364.680,0.000,66364.680,36.000,0.000,0.008,21.000,0.000,21.000,130.000,0.000,130.000,0,0,0
11,0,7,0,937.47,15,37.013,14.217,13.327,0.000,13.327,14.217,0.000,78935.150,0.000,78935.150,37.013,0.000,0.007,15.000,0.000,15.000,150.000,0.000,150.000,0,0,0
13,0,8,0,909.06,16,37.597,14.194,12.306,0.000,12.306,14.194,0.000,93922.708,0.000,93922.708,37.597,0.000,0.006,16.000,0.000,16.000,176.000,0.000,176.000,0,0,0
14,0,9,0,799.98,18,38.140,14.164,15.133,0.000,15.133,14.164,0.000,108046.252,0.000,108046.252,38.140,0.000,0.010,18.000,0.000,18.000,200.000,0.000,200.000,0,0,0
16,0,10,0,895.49,18,38.009,14.141,13.888,0.000,13.888,14.141,0.000,121468.902,0.000,121468.902,38.009,0.000,0.035,18.000,0.000,18.000,226.000,0.000,226.000,0,0,0
18,0,11,0,983.57,9,38.632,14.172,14.661,0.000,14.661,14.172,0.000,132496.410,0.000,132496.410,38.632,0.000,0.033,9.000,0.000,9.000,242.000,0.000,242.000,0,0,0
19,0,12,0,882.33,5,38.835,14.166,13.472,0.000,13.472,14.166,0.000,143036.626,0.000,143036.626,38.835,0.000,0.038,5.000,0.000,5.000,260.000,0.000,260.000,0,0,0
21,0,13,0,789.45,22,38.000,14.160,13.521,0.000,13.521,14.160,0.000,154424.399,0.000,154424.399,38.000,0.000,0.035,22.000,0.000,22.000,287.000,0.000,287.000,0,0,0
23,0,14,0,857.15,16,38.229,14.180,13.641,0.000,13.641,14.180,0.000,168047.971,0.000,168047.971,38.229,0.000,0.032,16.000,0.000,16.000,310.000,0.000,310.000,0,0,0
24,0,15,0,800.02,16,38.454,14.192,15.170,0.000,15.170,14.192,0.000,182816.561,0.000,182816.561,38.454,0.000,0.033,16.000,0.000,16.000,335.000,0.000,335.000,0,0,0
26,0,16,0,869.60,18,38.526,14.197,15.211,0.000,15.211,14.197,0.000,196362.069,0.000,196362.069,38.526,0.000,0.031,18.000,0.000,18.000,359.000,0.000,359.000,0,0,0
28,0,17,0,810.84,14,38.432,14.204,13.164,0.000,13.164,14.204,0.000,207431.211,0.000,207431.211,38.432,0.000,0.029,14.000,0.000,14.000,380.000,0.000,380.000,0,0,0
29,0,18,0,882.38,10,38.992,14.205,14.870,0.000,14.870,14.205,0.000,219345.340,0.000,219345.340,38.992,0.000,0.028,10.000,0.000,10.000,396.000,0.000,396.000,0,0,0
31,0,19,0,882.39,13,38.707,14.209,14.899,0.000,14.899,14.209,0.000,229345.477,0.000,229345.477,38.707,0.000,0.026,13.000,0.000,13.000,417.000,0.000,417.000,0,0,0
33,0,20,0,937.53,10,38.786,14.218,14.513,0.000,14.513,14.218,0.000,236572.294,0.000,236572.294,38.786,0.000,0.026,10.000,0.000,10.000,429.000,0.000,429.000,0,0,0
34,0,21,0,882.39,17,38.716,14.202,14.027,0.000,14.027,14.202,0.000,253474.279,0.000,253474.279,38.716,0.000,0.024,17.000,0.000,17.000,461.000,0.000,461.000,0,0,0
36,0,22,0,833.37,15,38.664,14.206,14.867,0.000,14.867,14.206,0.000,266398.949,0.000,266398.949,38.664,0.000,0.023,15.000,0.000,15.000,485.000,0.000,485.000,0,0,0
38,0,23,0,869.60,18,38.647,14.215,14.837,0.000,14.837,14.215,0.000,278520.091,0.000,278520.091,38.647,0.000,0.022,18.000,0.000,18.000,507.000,0.000,507.000,0,0,0
39,0,24,0,882.38,13,38.694,14.221,14.076,0.000,14.076,14.221,0.000,289442.707,0.000,289442.707,38.694,0.000,0.021,13.000,0.000,13.000,526.000,0.000,526.000,0,0,0
41,0,25,0,857.17,14,38.761,14.219,13.121,0.000,13.121,14.219,0.000,299823.811,0.000,299823.811,38.761,0.000,0.020,14.000,0.000,14.000,544.000,0.000,544.000,0,0,0
43,0,26,0,895.56,11,38.847,14.225,13.216,0.000,13.216,14.225,0.000,310004.503,0.000,310004.503,38.847,0.000,0.020,11.000,0.000,11.000,561.000,0.000,561.000,0,0,0
44,0,27,0,909.13,11,38.993,14.212,13.760,0.000,13.760,14.212,0.000,321409.489,0.000,321409.489,38.993,0.000,0.022,11.000,0.000,11.000,580.000,0.000,580.000,0,0,0
46,0,28,0,731.72,12,38.852,14.211,14.630,0.000,14.630,14.211,0.000,328516.722,0.000,328516.722,38.852,0.000,0.022,12.000,0.000,12.000,595.000,0.000,595.000,0,0,0
48,0,29,0,779.24,16,38.721,14.209,14.613,0.000,14.613,14.209,0.000,338916.488,0.000,338916.488,38.721,0.000,0.021,16.000,0.000,16.000,616.000,0.000,616.000,0,0,0
49,0,30,0,779.25,18,38.796,14.212,14.529,0.000,14.529,14.212,0.000,354521.161,0.000,354521.161,38.796,0.000,0.020,18.000,0.000,18.000,643.000,0.000,643.000,0,0,0
51,0,31,0,882.40,15,38.823,14.216,14.378,0.000,14.378,14.216,0.000,365356.834,0.000,365356.834,38.823,0.000,0.020,15.000,0.000,15.000,662.000,0.000,662.000,0,0,0
53,0,32,0,909.14,15,38.879,14.222,13.911,0.000,13.911,14.222,0.000,379326.136,0.000,379326.136,38.879,0.000,0.019,15.000,0.000,15.000,686.000,0.000,686.000,0,0,0
54,0,33,0,833.36,13,38.895,14.223,14.366,0.000,14.366,14.223,0.000,394428.657,0.000,394428.657,38.895,0.000,0.018,13.000,0.000,13.000,713.000,0.000,713.000,0,0,0
56,0,34,0,983.65,15,38.934,14.222,13.623,0.000,13.623,14.222,0.000,408079.600,0.000,408079.600,38.934,0.000,0.018,15.000,0.000,15.000,737.000,0.000,737.000,0,0,0
58,0,35,0,882.38,10,39.101,14.225,14.097,0.000,14.097,14.225,0.000,420499.707,0.000,420499.707,39.101,0.000,0.017,10.000,0.000,10.000,756.000,0.000,756.000,0,0,0
59,0,36,0,967.78,11,39.030,14.225,14.560,0.000,14.560,14.225,0.000,430287.414,0.000,430287.414,39.030,0.000,0.017,11.000,0.000,11.000,775.000,0.000,775.000,0,0,0
61,0,37,0,895.55,10,38.977,14.226,14.433,0.000,14.433,14.226,0.000,438600.914,0.000,438600.914,38.977,0.000,0.016,10.000,0.000,10.000,791.000,0.000,791.000,0,0,0
63,0,38,0,923.12,8,39.105,14.230,15.389,0.000,15.389,14.230,0.000,446838.751,0.000,446838.751,39.105,0.000,0.016,8.000,0.000,8.000,803.000,0.000,803.000,0,0,0
64,0,39,0,845.11,19,38.938,14.218,14.753,0.000,14.753,14.218,0.000,458970.903,0.000,458970.903,38.938,0.000,0.016,19.000,0.000,19.000,829.000,0.000,829.000,0,0,0
66,0,40,0,895.56,6,39.170,14.222,14.999,0.000,14.999,14.222,0.000,465723.555,0.000,465723.555,39.170,0.000,0.017,6.000,0.000,6.000,836.000,0.000,836.000,0,0,0
68,0,41,0,937.54,13,39.000,14.217,13.546,0.000,13.546,14.217,0.000,474065.285,0.000,474065.285,39.000,0.000,0.016,13.000,0.000,13.000,855.000,0.000,855.000,0,0,0
69,0,42,0,1016.99,9,39.078,14.220,13.484,0.000,13.484,14.220,0.000,482355.375,0.000,482355.375,39.078,0.000,0.016,9.000,0.000,9.000,868.000,0.000,868.000,0,0,0
71,0,43,0,869.61,24,38.696,14.217,13.743,0.000,13.743,14.217,0.000,494564.382,0.000,494564.382,38.696,0.000,0.017,24.000,0.000,24.000,899.000,0.000,899.000,0,0,0
73,0,44,0,845.13,25,38.835,14.208,12.913,0.000,12.913,14.208,0.000,512028.960,0.000,512028.960,38.835,0.000,0.018,25.000,0.000,25.000,928.000,0.000,928.000,0,0,0
74,0,45,0,967.80,15,39.012,14.208,12.937,0.000,12.937,14.208,0.000,526002.047,0.000,526002.047,39.012,0.000,0.020,15.000,0.000,15.000,949.000,0.000,949.000,0,0,0
76,0,46,0,1000.06,16,38.993,14.204,14.496,0.000,14.496,14.204,0.000,537244.287,0.000,537244.287,38.993,0.000,0.021,16.000,0.000,16.000,970.000,0.000,970.000,0,0,0
78,0,47,0,937.56,9,39.151,14.213,14.759,0.000,14.759,14.213,0.000,548124.889,0.000,548124.889,39.151,0.000,0.020,9.000,0.000,9.000,985.000,0.000,985.000,0,0,0
79,0,48,0,857.19,12,39.092,14.210,14.721,0.000,14.721,14.210,0.000,558260.566,0.000,558260.566,39.092,0.000,0.020,12.000,0.000,12.000,1005.000,0.000,1005.000,0,0,0
81,0,49,0,937.56,17,38.982,14.210,14.820,0.000,14.820,14.210,0.000,569986.770,0.000,569986.770,38.982,0.000,0.019,17.000,0.000,17.000,1029.000,0.000,1029.000,0,0,0
83,0,50,0,869.62,12,39.062,14.216,14.912,0.000,14.912,14.216,0.000,583051.889,0.000,583051.889,39.062,0.000,0.019,12.000,0.000,12.000,1050.000,0.000,1050.000,0,0,0
84,0,51,0,895.57,13,39.089,14.210,15.031,0.000,15.031,14.210,0.000,594901.263,0.000,594901.263,39.089,0.000,0.019,13.000,0.000,13.000,1071.000,0.000,1071.000,0,0,0
86,0,52,0,909.15,16,39.040,14.209,13.520,0.000,13.520,14.209,0.000,607405.614,0.000,607405.614,39.040,0.000,0.018,16.000,0.000,16.000,1095.000,0.000,1095.000,0,0,0
88,0,53,0,937.56,15,39.118,14.210,14.262,0.000,14.262,14.210,0.000,619242.306,0.000,619242.306,39.118,0.000,0.018,15.000,0.000,15.000,1114.000,0.000,1114.000,0,0,0
89,0,54,0,882.41,12,39.111,14.212,13.026,0.000,13.026,14.212,0.000,629219.964,0.000,629219.964,39.111,0.000,0.018,12.000,0.000,12.000,1132.000,0.000,1132.000,0,0,0
91,0,55,0,895.58,14,39.086,14.208,14.468,0.000,14.468,14.208,0.000,639723.480,0.000,639723.480,39.086,0.000,0.017,14.000,0.000,14.000,1152.000,0.000,1152.000,0,0,0
93,0,56,0,833.38,13,39.073,14.208,14.790,0.000,14.790,14.208,0.000,651172.351,0.000,651172.351,39.073,0.000,0.017,13.000,0.000,13.000,1173.000,0.000,1173.000,0,0,0
94,0,57,0,869.62,14,39.140,14.209,13.572,0.000,13.572,14.209,0.000,664045.159,0.000,664045.159,39.140,0.000,0.017,14.000,0.000,14.000,1194.000,0.000,1194.000,0,0,0
96,0,58,0,882.41,14,39.066,14.205,14.329,0.000,14.329,14.205,0.000,674796.960,0.000,674796.960,39.066,0.000,0.016,14.000,0.000,14.000,1216.000,0.000,1216.000,0,0,0
98,0,59,0,740.79,15,39.070,14.206,13.726,0.000,13.726,14.206,0.000,688788.054,0.000,688788.054,39.070,0.000,0.016,15.000,0.000,15.000,1241.000,0.000,1241.000,0,0,0
99,1,0,0,869.62,11,39.135,14.207,13.279,0.000,13.279,14.207,0.000,702223.451,0.000,702223.451,39.135,0.000,0.016,11.000,0.000,11.000,1263.000,0.000,1263.000,0,0,0
